-- CFrame Auto Walk Recording
-- Total Frames: 21063
-- Recorded HipHeight: 4.442370414733887

return {
    hipHeight = 4.442370414733887,
    frames = {
        {t=0.017,cf=CFrame.new(-998.113,497.792,-2.487,-0.000,0.000,-1.000,0.000,1.000,0.000,1.000,0.000,-0.000),s="Running",v=Vector3.new(0.000,0.001,0.000)},
        {t=0.037,cf=CFrame.new(-998.113,497.792,-2.487,-0.063,0.000,-0.998,0.000,1.000,0.000,0.998,0.000,-0.063),s="Running",v=Vector3.new(0.000,0.001,0.000)},
        {t=0.051,cf=CFrame.new(-998.113,497.792,-2.487,-0.063,0.000,-0.998,0.000,1.000,0.000,0.998,0.000,-0.063),s="Running",v=Vector3.new(0.000,0.001,0.000)},
        {t=0.067,cf=CFrame.new(-998.113,497.792,-2.487,-0.063,0.000,-0.998,0.000,1.000,0.000,0.998,0.000,-0.063),s="Running",v=Vector3.new(0.000,0.001,0.000)},
        {t=0.084,cf=CFrame.new(-998.113,497.792,-2.487,-0.063,0.000,-0.998,0.000,1.000,0.000,0.998,0.000,-0.063),s="Running",v=Vector3.new(0.000,0.001,0.000)},
        {t=0.101,cf=CFrame.new(-998.113,497.792,-2.487,-0.063,0.000,-0.998,0.000,1.000,0.000,0.998,0.000,-0.063),s="Running",v=Vector3.new(0.000,0.001,0.000)},
        {t=0.116,cf=CFrame.new(-998.113,497.792,-2.487,-0.061,0.000,-0.998,0.000,1.000,0.000,0.998,0.000,-0.061),s="Running",v=Vector3.new(0.000,0.001,0.000)},
        {t=0.133,cf=CFrame.new(-998.113,497.792,-2.487,-0.057,0.000,-0.998,0.000,1.000,0.000,0.998,0.000,-0.057),s="Running",v=Vector3.new(0.000,0.001,0.000)},
        {t=0.151,cf=CFrame.new(-998.113,497.792,-2.487,-0.052,0.000,-0.999,0.000,1.000,0.000,0.999,0.000,-0.052),s="Running",v=Vector3.new(0.000,0.001,0.000)},
        {t=0.166,cf=CFrame.new(-998.113,497.792,-2.487,-0.041,0.000,-0.999,0.000,1.000,0.000,0.999,0.000,-0.041),s="Running",v=Vector3.new(0.000,0.001,0.000)},
        {t=0.183,cf=CFrame.new(-998.113,497.792,-2.487,-0.033,0.000,-0.999,0.000,1.000,0.000,0.999,0.000,-0.033),s="Running",v=Vector3.new(0.000,0.001,0.000)},
        {t=0.201,cf=CFrame.new(-998.113,497.792,-2.487,-0.017,0.000,-1.000,0.000,1.000,0.000,1.000,0.000,-0.017),s="Running",v=Vector3.new(0.000,0.001,0.000)},
        {t=0.217,cf=CFrame.new(-998.044,497.792,-2.486,0.000,0.000,-1.000,0.000,1.000,0.000,1.000,0.000,0.000),s="Running",v=Vector3.new(8.252,0.001,0.144)},
        {t=0.233,cf=CFrame.new(-997.792,497.792,-2.484,0.007,0.000,-1.000,0.000,1.000,0.000,1.000,0.000,0.007),s="Running",v=Vector3.new(19.256,0.001,0.102)},
        {t=0.251,cf=CFrame.new(-997.219,497.792,-2.484,0.011,0.000,-1.000,0.000,1.000,0.000,1.000,0.000,0.011),s="Running",v=Vector3.new(33.009,0.001,-0.105)},
        {t=0.267,cf=CFrame.new(-996.554,497.792,-2.490,0.013,0.000,-1.000,0.000,1.000,0.000,1.000,0.000,0.013),s="Running",v=Vector3.new(44.008,0.001,-0.441)},
        {t=0.284,cf=CFrame.new(-995.792,497.792,-2.499,0.017,0.000,-1.000,0.000,1.000,0.000,1.000,0.000,0.017),s="Running",v=Vector3.new(45.957,0.001,-0.599)},
        {t=0.299,cf=CFrame.new(-995.218,497.792,-2.509,0.017,0.000,-1.000,0.000,1.000,0.000,1.000,0.000,0.017),s="Running",v=Vector3.new(45.991,0.001,-0.792)},
        {t=0.318,cf=CFrame.new(-994.259,497.792,-2.526,0.024,0.000,-1.000,0.000,1.000,0.000,1.000,0.000,0.024),s="Running",v=Vector3.new(45.993,0.001,-0.803)},
        {t=0.334,cf=CFrame.new(-993.493,497.792,-2.543,0.031,0.000,-1.000,0.000,1.000,0.000,1.000,0.000,0.031),s="Running",v=Vector3.new(45.987,0.001,-1.098)},
        {t=0.350,cf=CFrame.new(-992.918,497.792,-2.560,0.033,0.000,-0.999,0.000,1.000,0.000,0.999,0.000,0.033),s="Running",v=Vector3.new(45.979,0.001,-1.389)},
        {t=0.368,cf=CFrame.new(-991.960,497.792,-2.591,0.037,0.000,-0.999,0.000,1.000,0.000,0.999,0.000,0.037),s="Running",v=Vector3.new(45.975,0.001,-1.504)},
        {t=0.384,cf=CFrame.new(-991.194,497.792,-2.619,0.037,0.000,-0.999,0.000,1.000,0.000,0.999,0.000,0.037),s="Running",v=Vector3.new(45.969,0.001,-1.702)},
        {t=0.401,cf=CFrame.new(-990.428,497.792,-2.648,0.041,0.000,-0.999,0.000,1.000,0.000,0.999,0.000,0.041),s="Running",v=Vector3.new(45.968,0.001,-1.706)},
        {t=0.417,cf=CFrame.new(-989.853,497.792,-2.671,0.046,0.000,-0.999,0.000,1.000,0.000,0.999,0.000,0.046),s="Running",v=Vector3.new(45.961,0.001,-1.896)},
        {t=0.433,cf=CFrame.new(-989.088,497.792,-2.705,0.057,0.000,-0.998,0.000,1.000,0.000,0.998,0.000,0.057),s="Running",v=Vector3.new(45.952,0.001,-2.103)},
        {t=0.451,cf=CFrame.new(-988.131,497.792,-2.759,0.065,0.000,-0.998,0.000,1.000,0.000,0.998,0.000,0.065),s="Running",v=Vector3.new(45.926,0.001,-2.604)},
        {t=0.467,cf=CFrame.new(-987.366,497.792,-2.808,0.078,0.000,-0.997,0.000,1.000,0.000,0.997,0.000,0.078),s="Running",v=Vector3.new(45.902,0.001,-3.001)},
        {t=0.483,cf=CFrame.new(-986.792,497.792,-2.851,0.094,0.000,-0.996,0.000,1.000,0.000,0.996,0.000,0.094),s="Running",v=Vector3.new(45.861,0.001,-3.577)},
        {t=0.501,cf=CFrame.new(-985.838,497.792,-2.939,0.111,0.000,-0.994,0.000,1.000,0.000,0.994,0.000,0.111),s="Running",v=Vector3.new(45.798,0.001,-4.304)},
        {t=0.516,cf=CFrame.new(-985.266,497.792,-3.001,0.128,0.000,-0.992,0.000,1.000,0.000,0.992,0.000,0.128),s="Running",v=Vector3.new(45.720,0.001,-5.065)},
        {t=0.533,cf=CFrame.new(-984.316,497.792,-3.122,0.146,0.000,-0.989,0.000,1.000,0.000,0.989,0.000,0.146),s="Running",v=Vector3.new(45.620,0.001,-5.898)},
        {t=0.550,cf=CFrame.new(-983.557,497.792,-3.232,0.156,0.000,-0.988,0.000,1.000,0.000,0.988,0.000,0.156),s="Running",v=Vector3.new(45.512,0.001,-6.684)},
        {t=0.566,cf=CFrame.new(-983.024,497.792,-3.374,0.161,0.000,-0.987,0.000,1.000,0.000,0.987,0.000,0.161),s="Running",v=Vector3.new(41.239,0.001,-13.745)},
        {t=0.584,cf=CFrame.new(-982.254,497.792,-3.808,0.161,0.000,-0.987,0.000,1.000,0.000,0.987,0.000,0.161),s="Running",v=Vector3.new(34.085,0.001,-25.493)},
        {t=0.601,cf=CFrame.new(-981.745,497.792,-4.330,0.161,0.000,-0.987,0.000,1.000,0.000,0.987,0.000,0.161),s="Running",v=Vector3.new(28.362,0.001,-34.892)},
        {t=0.620,cf=CFrame.new(-981.294,497.792,-4.947,0.161,0.000,-0.987,0.000,1.000,0.000,0.987,0.000,0.161),s="Running",v=Vector3.new(26.905,0.001,-37.284)},
        {t=0.635,cf=CFrame.new(-980.846,497.792,-5.569,0.161,0.000,-0.987,0.000,1.000,0.000,0.987,0.000,0.161),s="Running",v=Vector3.new(26.876,0.001,-37.331)},
        {t=0.650,cf=CFrame.new(-980.398,497.792,-6.191,0.161,0.000,-0.987,0.000,1.000,0.000,0.987,0.000,0.161),s="Running",v=Vector3.new(26.875,0.001,-37.332)},
        {t=0.666,cf=CFrame.new(-980.062,497.792,-6.657,0.161,0.000,-0.987,0.000,1.000,0.000,0.987,0.000,0.161),s="Running",v=Vector3.new(26.875,0.001,-37.332)},
        {t=0.685,cf=CFrame.new(-979.502,497.792,-7.435,0.161,0.000,-0.987,0.000,1.000,0.000,0.987,0.000,0.161),s="Running",v=Vector3.new(26.875,0.001,-37.332)},
        {t=0.700,cf=CFrame.new(-979.166,497.792,-7.902,0.161,0.000,-0.987,0.000,1.000,0.000,0.987,0.000,0.161),s="Running",v=Vector3.new(26.875,0.001,-37.332)},
        {t=0.716,cf=CFrame.new(-978.718,497.792,-8.524,0.161,0.000,-0.987,0.000,1.000,0.000,0.987,0.000,0.161),s="Running",v=Vector3.new(26.875,0.001,-37.332)},
        {t=0.734,cf=CFrame.new(-978.158,497.792,-9.302,0.165,0.000,-0.986,0.000,1.000,0.000,0.986,0.000,0.165),s="Running",v=Vector3.new(26.875,0.001,-37.332)},
        {t=0.750,cf=CFrame.new(-977.786,497.792,-9.710,0.165,0.000,-0.986,0.000,1.000,0.000,0.986,0.000,0.165),s="Running",v=Vector3.new(31.234,0.001,-30.324)},
        {t=0.767,cf=CFrame.new(-977.204,497.792,-10.118,0.165,0.000,-0.986,0.000,1.000,0.000,0.986,0.000,0.165),s="Running",v=Vector3.new(37.045,0.001,-20.979)},
        {t=0.784,cf=CFrame.new(-976.342,497.792,-10.409,0.165,0.000,-0.986,0.000,1.000,0.000,0.986,0.000,0.165),s="Running",v=Vector3.new(44.308,0.001,-9.298)},
        {t=0.801,cf=CFrame.new(-975.777,497.792,-10.508,0.165,0.000,-0.986,0.000,1.000,0.000,0.986,0.000,0.165),s="Running",v=Vector3.new(45.313,0.001,-7.682)},
        {t=0.817,cf=CFrame.new(-975.021,497.792,-10.635,0.165,0.000,-0.986,0.000,1.000,0.000,0.986,0.000,0.165),s="Running",v=Vector3.new(45.368,0.001,-7.594)},
        {t=0.834,cf=CFrame.new(-974.265,497.792,-10.761,0.165,0.000,-0.986,0.000,1.000,0.000,0.986,0.000,0.165),s="Running",v=Vector3.new(45.369,0.001,-7.592)},
        {t=0.851,cf=CFrame.new(-973.320,497.792,-10.920,0.165,0.000,-0.986,0.000,1.000,0.000,0.986,0.000,0.165),s="Running",v=Vector3.new(45.369,0.001,-7.592)},
        {t=0.868,cf=CFrame.new(-972.564,497.792,-11.046,0.165,0.000,-0.986,0.000,1.000,0.000,0.986,0.000,0.165),s="Running",v=Vector3.new(45.369,0.001,-7.592)},
        {t=0.884,cf=CFrame.new(-971.808,497.792,-11.173,0.163,0.000,-0.987,0.000,1.000,0.000,0.987,0.000,0.163),s="Running",v=Vector3.new(45.369,0.001,-7.592)},
        {t=0.899,cf=CFrame.new(-971.241,497.792,-11.267,0.156,0.000,-0.988,0.000,1.000,0.000,0.988,0.000,0.156),s="Running",v=Vector3.new(45.385,0.001,-7.498)},
        {t=0.917,cf=CFrame.new(-970.294,497.792,-11.417,0.148,0.000,-0.989,0.000,1.000,0.000,0.989,0.000,0.148),s="Running",v=Vector3.new(45.433,0.001,-7.198)},
        {t=0.933,cf=CFrame.new(-969.536,497.792,-11.532,0.135,0.000,-0.991,0.000,1.000,0.000,0.991,0.000,0.135),s="Running",v=Vector3.new(45.494,0.001,-6.807)},
        {t=0.950,cf=CFrame.new(-968.967,497.792,-11.611,0.120,0.000,-0.993,0.000,1.000,0.000,0.993,0.000,0.120),s="Running",v=Vector3.new(45.575,0.001,-6.235)},
        {t=0.968,cf=CFrame.new(-968.015,497.792,-11.727,0.109,0.000,-0.994,0.000,1.000,0.000,0.994,0.000,0.109),s="Running",v=Vector3.new(45.669,0.001,-5.512)},
        {t=0.983,cf=CFrame.new(-967.444,497.792,-11.791,0.094,0.000,-0.996,0.000,1.000,0.000,0.996,0.000,0.094),s="Running",v=Vector3.new(45.724,0.001,-5.034)},
        {t=1.000,cf=CFrame.new(-966.681,497.792,-11.864,0.089,0.000,-0.996,0.000,1.000,0.000,0.996,0.000,0.089),s="Running",v=Vector3.new(45.796,0.001,-4.323)},
        {t=1.017,cf=CFrame.new(-965.917,497.792,-11.933,0.076,0.000,-0.997,0.000,1.000,0.000,0.997,0.000,0.076),s="Running",v=Vector3.new(45.816,0.001,-4.113)},
        {t=1.035,cf=CFrame.new(-964.962,497.792,-12.008,0.065,0.000,-0.998,0.000,1.000,0.000,0.998,0.000,0.065),s="Running",v=Vector3.new(45.866,0.001,-3.514)},
        {t=1.050,cf=CFrame.new(-964.388,497.792,-12.047,0.052,0.000,-0.999,0.000,1.000,0.000,0.999,0.000,0.052),s="Running",v=Vector3.new(45.900,0.001,-3.035)},
        {t=1.066,cf=CFrame.new(-963.622,497.792,-12.089,0.035,0.000,-0.999,0.000,1.000,0.000,0.999,0.000,0.035),s="Running",v=Vector3.new(45.936,0.001,-2.420)},
        {t=1.086,cf=CFrame.new(-962.665,497.792,-12.124,0.020,0.000,-1.000,0.000,1.000,0.000,1.000,0.000,0.020),s="Running",v=Vector3.new(45.972,0.001,-1.611)},
        {t=1.100,cf=CFrame.new(-961.898,497.792,-12.141,0.009,0.000,-1.000,0.000,1.000,0.000,1.000,0.000,0.009),s="Running",v=Vector3.new(45.991,0.001,-0.917)},
        {t=1.117,cf=CFrame.new(-961.132,497.792,-12.149,0.007,0.000,-1.000,0.000,1.000,0.000,1.000,0.000,0.007),s="Running",v=Vector3.new(45.998,0.001,-0.412)},
        {t=1.136,cf=CFrame.new(-960.365,497.792,-12.154,-0.002,0.000,-1.000,0.000,1.000,0.000,1.000,0.000,-0.002),s="Running",v=Vector3.new(45.999,0.001,-0.303)},
        {t=1.150,cf=CFrame.new(-959.599,497.792,-12.153,-0.009,0.000,-1.000,0.000,1.000,0.000,1.000,0.000,-0.009),s="Running",v=Vector3.new(46.000,0.001,0.092)},
        {t=1.167,cf=CFrame.new(-958.832,497.792,-12.147,-0.013,0.000,-1.000,0.000,1.000,0.000,1.000,0.000,-0.013),s="Running",v=Vector3.new(45.998,0.001,0.395)},
        {t=1.184,cf=CFrame.new(-958.065,497.792,-12.138,-0.020,0.000,-1.000,0.000,1.000,0.000,1.000,0.000,-0.020),s="Running",v=Vector3.new(45.996,0.001,0.598)},
        {t=1.200,cf=CFrame.new(-957.299,497.792,-12.124,-0.026,0.000,-1.000,0.000,1.000,0.000,1.000,0.000,-0.026),s="Running",v=Vector3.new(45.991,0.001,0.897)},
        {t=1.217,cf=CFrame.new(-956.532,497.792,-12.104,-0.026,0.000,-1.000,0.000,1.000,0.000,1.000,0.000,-0.026),s="Running",v=Vector3.new(45.984,0.001,1.198)},
        {t=1.234,cf=CFrame.new(-955.766,497.792,-12.084,-0.031,0.000,-1.000,0.000,1.000,0.000,1.000,0.000,-0.031),s="Running",v=Vector3.new(45.984,0.001,1.204)},
        {t=1.250,cf=CFrame.new(-955.000,497.792,-12.061,-0.033,0.000,-0.999,0.000,1.000,0.000,0.999,0.000,-0.033),s="Running",v=Vector3.new(45.979,0.001,1.401)},
        {t=1.267,cf=CFrame.new(-954.233,497.792,-12.036,-0.037,0.000,-0.999,0.000,1.000,0.000,0.999,0.000,-0.037),s="Running",v=Vector3.new(45.975,0.001,1.503)},
        {t=1.285,cf=CFrame.new(-953.467,497.792,-12.009,-0.041,0.000,-0.999,0.000,1.000,0.000,0.999,0.000,-0.041),s="Running",v=Vector3.new(45.969,0.001,1.702)},
        {t=1.302,cf=CFrame.new(-952.701,497.792,-11.977,-0.041,0.000,-0.999,0.000,1.000,0.000,0.999,0.000,-0.041),s="Running",v=Vector3.new(45.961,0.001,1.902)},
        {t=1.317,cf=CFrame.new(-951.935,497.792,-11.946,-0.041,0.000,-0.999,0.000,1.000,0.000,0.999,0.000,-0.041),s="Running",v=Vector3.new(45.960,0.001,1.906)},
        {t=1.333,cf=CFrame.new(-951.360,497.792,-11.922,-0.041,0.000,-0.999,0.000,1.000,0.000,0.999,0.000,-0.041),s="Running",v=Vector3.new(45.960,0.001,1.906)},
        {t=1.352,cf=CFrame.new(-950.403,497.792,-11.882,-0.041,-0.000,-0.999,-0.000,1.000,0.000,0.999,0.000,-0.041),s="Running",v=Vector3.new(45.960,0.001,1.906)},
        {t=1.366,cf=CFrame.new(-949.828,497.792,-11.858,-0.041,-0.000,-0.999,-0.000,1.000,0.000,0.999,0.000,-0.041),s="Running",v=Vector3.new(45.960,0.001,1.906)},
        {t=1.383,cf=CFrame.new(-949.062,497.792,-11.826,-0.041,-0.000,-0.999,-0.000,1.000,0.000,0.999,0.000,-0.041),s="Running",v=Vector3.new(45.960,0.001,1.906)},
        {t=1.400,cf=CFrame.new(-948.296,497.792,-11.795,-0.041,-0.000,-0.999,-0.000,1.000,0.000,0.999,0.000,-0.041),s="Running",v=Vector3.new(45.960,0.001,1.906)},
        {t=1.418,cf=CFrame.new(-947.338,497.792,-11.755,-0.041,-0.000,-0.999,-0.000,1.000,0.000,0.999,0.000,-0.041),s="Running",v=Vector3.new(45.960,0.001,1.906)},
        {t=1.434,cf=CFrame.new(-946.764,497.792,-11.731,-0.041,-0.000,-0.999,-0.000,1.000,0.000,0.999,0.000,-0.041),s="Running",v=Vector3.new(45.960,0.001,1.906)},
        {t=1.450,cf=CFrame.new(-945.806,497.792,-11.691,-0.041,-0.000,-0.999,-0.000,1.000,0.000,0.999,0.000,-0.041),s="Running",v=Vector3.new(45.960,0.001,1.906)},
        {t=1.468,cf=CFrame.new(-945.040,497.792,-11.660,-0.041,-0.000,-0.999,-0.000,1.000,0.000,0.999,0.000,-0.041),s="Running",v=Vector3.new(45.960,0.001,1.906)},
        {t=1.484,cf=CFrame.new(-944.274,497.792,-11.628,-0.041,-0.000,-0.999,-0.000,1.000,0.000,0.999,0.000,-0.041),s="Running",v=Vector3.new(45.960,0.001,1.906)},
        {t=1.500,cf=CFrame.new(-943.508,497.792,-11.596,-0.041,-0.000,-0.999,-0.000,1.000,0.000,0.999,0.000,-0.041),s="Running",v=Vector3.new(45.960,0.001,1.906)},
        {t=1.516,cf=CFrame.new(-942.742,497.792,-11.564,-0.041,-0.000,-0.999,-0.000,1.000,0.000,0.999,0.000,-0.041),s="Running",v=Vector3.new(45.960,0.001,1.906)},
        {t=1.534,cf=CFrame.new(-941.976,497.792,-11.533,-0.041,-0.000,-0.999,-0.000,1.000,0.000,0.999,0.000,-0.041),s="Running",v=Vector3.new(45.960,0.001,1.906)},
        {t=1.549,cf=CFrame.new(-941.401,497.792,-11.509,-0.041,-0.000,-0.999,-0.000,1.000,0.000,0.999,0.000,-0.041),s="Running",v=Vector3.new(45.960,0.001,1.906)},
        {t=1.567,cf=CFrame.new(-940.635,497.792,-11.477,-0.041,-0.000,-0.999,-0.000,1.000,0.000,0.999,0.000,-0.041),s="Running",v=Vector3.new(45.960,0.001,1.906)},
        {t=1.585,cf=CFrame.new(-939.677,497.792,-11.437,-0.041,-0.000,-0.999,-0.000,1.000,0.000,0.999,0.000,-0.041),s="Running",v=Vector3.new(45.960,0.001,1.906)},
        {t=1.600,cf=CFrame.new(-939.103,497.792,-11.413,-0.041,-0.000,-0.999,-0.000,1.000,0.000,0.999,0.000,-0.041),s="Running",v=Vector3.new(45.960,0.001,1.906)},
        {t=1.617,cf=CFrame.new(-938.337,497.792,-11.382,-0.041,-0.000,-0.999,-0.000,1.000,0.000,0.999,0.000,-0.041),s="Running",v=Vector3.new(45.960,0.001,1.906)},
        {t=1.633,cf=CFrame.new(-937.570,497.792,-11.350,-0.041,-0.000,-0.999,-0.000,1.000,0.000,0.999,0.000,-0.041),s="Running",v=Vector3.new(45.960,0.001,1.906)},
        {t=1.650,cf=CFrame.new(-936.804,497.792,-11.318,-0.041,-0.000,-0.999,-0.000,1.000,0.000,0.999,0.000,-0.041),s="Running",v=Vector3.new(45.960,0.001,1.906)},
        {t=1.678,cf=CFrame.new(-935.464,497.792,-11.262,-0.041,-0.000,-0.999,-0.000,1.000,0.000,0.999,0.000,-0.041),s="Running",v=Vector3.new(45.960,0.001,1.906)},
        {t=1.686,cf=CFrame.new(-935.272,497.792,-11.255,-0.041,-0.000,-0.999,-0.000,1.000,0.000,0.999,0.000,-0.041),s="Running",v=Vector3.new(45.960,0.001,1.906)},
        {t=1.714,cf=CFrame.new(-933.931,497.792,-11.199,-0.041,-0.000,-0.999,-0.000,1.000,0.000,0.999,0.000,-0.041),s="Running",v=Vector3.new(45.960,0.001,1.906)},
        {t=1.722,cf=CFrame.new(-933.548,497.792,-11.183,-0.041,-0.000,-0.999,-0.000,1.000,0.000,0.999,0.000,-0.041),s="Running",v=Vector3.new(45.960,0.001,1.906)},
        {t=1.733,cf=CFrame.new(-932.974,497.792,-11.159,-0.041,-0.000,-0.999,-0.000,1.000,0.000,0.999,0.000,-0.041),s="Running",v=Vector3.new(45.960,0.001,1.906)},
        {t=1.750,cf=CFrame.new(-932.208,497.792,-11.127,-0.041,-0.000,-0.999,-0.000,1.000,0.000,0.999,0.000,-0.041),s="Running",v=Vector3.new(45.960,0.001,1.906)},
        {t=1.767,cf=CFrame.new(-931.442,497.792,-11.096,-0.041,-0.000,-0.999,-0.000,1.000,0.000,0.999,0.000,-0.041),s="Running",v=Vector3.new(45.960,0.001,1.906)},
        {t=1.784,cf=CFrame.new(-930.484,497.792,-11.056,-0.041,-0.000,-0.999,-0.000,1.000,0.000,0.999,0.000,-0.041),s="Running",v=Vector3.new(45.960,0.001,1.906)},
        {t=1.802,cf=CFrame.new(-929.718,497.792,-11.024,-0.041,-0.000,-0.999,-0.000,1.000,0.000,0.999,0.000,-0.041),s="Running",v=Vector3.new(45.960,0.001,1.906)},
        {t=1.816,cf=CFrame.new(-929.143,497.792,-11.000,-0.041,-0.000,-0.999,-0.000,1.000,0.000,0.999,0.000,-0.041),s="Running",v=Vector3.new(45.960,0.001,1.906)},
        {t=1.833,cf=CFrame.new(-928.377,497.792,-10.969,-0.041,-0.000,-0.999,-0.000,1.000,0.000,0.999,0.000,-0.041),s="Running",v=Vector3.new(45.960,0.001,1.906)},
        {t=1.856,cf=CFrame.new(-927.228,497.792,-10.921,-0.041,-0.000,-0.999,-0.000,1.000,0.000,0.999,0.000,-0.041),s="Running",v=Vector3.new(45.960,0.001,1.906)},
        {t=1.867,cf=CFrame.new(-926.653,497.792,-10.897,-0.041,-0.000,-0.999,-0.000,1.000,0.000,0.999,0.000,-0.041),s="Running",v=Vector3.new(45.960,0.001,1.906)},
        {t=1.883,cf=CFrame.new(-925.887,497.792,-10.865,-0.041,-0.000,-0.999,-0.000,1.000,0.000,0.999,0.000,-0.041),s="Running",v=Vector3.new(45.960,0.001,1.906)},
        {t=1.902,cf=CFrame.new(-925.121,497.792,-10.834,-0.041,-0.000,-0.999,-0.000,1.000,0.000,0.999,0.000,-0.041),s="Running",v=Vector3.new(45.960,0.001,1.906)},
        {t=1.917,cf=CFrame.new(-924.355,497.792,-10.802,-0.041,-0.000,-0.999,-0.000,1.000,0.000,0.999,0.000,-0.041),s="Running",v=Vector3.new(45.960,0.001,1.906)},
        {t=1.933,cf=CFrame.new(-923.780,497.792,-10.778,-0.041,-0.000,-0.999,-0.000,1.000,0.000,0.999,0.000,-0.041),s="Running",v=Vector3.new(45.960,0.001,1.906)},
        {t=1.951,cf=CFrame.new(-922.823,497.792,-10.738,-0.041,-0.000,-0.999,-0.000,1.000,0.000,0.999,0.000,-0.041),s="Running",v=Vector3.new(45.960,0.001,1.906)},
        {t=1.967,cf=CFrame.new(-922.248,497.792,-10.714,-0.041,-0.000,-0.999,-0.000,1.000,0.000,0.999,0.000,-0.041),s="Running",v=Vector3.new(45.960,0.001,1.906)},
        {t=1.984,cf=CFrame.new(-921.291,497.792,-10.675,-0.041,-0.000,-0.999,-0.000,1.000,0.000,0.999,0.000,-0.041),s="Running",v=Vector3.new(45.960,0.001,1.906)},
        {t=2.001,cf=CFrame.new(-920.716,497.792,-10.651,-0.041,-0.000,-0.999,-0.000,1.000,0.000,0.999,0.000,-0.041),s="Running",v=Vector3.new(45.960,0.001,1.906)},
        {t=2.018,cf=CFrame.new(-919.950,497.792,-10.619,-0.041,-0.000,-0.999,-0.000,1.000,0.000,0.999,0.000,-0.041),s="Running",v=Vector3.new(45.960,0.001,1.906)},
        {t=2.033,cf=CFrame.new(-919.184,497.792,-10.587,-0.041,-0.000,-0.999,-0.000,1.000,0.000,0.999,0.000,-0.041),s="Running",v=Vector3.new(45.960,0.001,1.906)},
        {t=2.050,cf=CFrame.new(-918.226,497.792,-10.548,-0.041,-0.000,-0.999,-0.000,1.000,0.000,0.999,0.000,-0.041),s="Running",v=Vector3.new(45.960,0.001,1.906)},
        {t=2.068,cf=CFrame.new(-917.460,497.792,-10.516,-0.041,-0.000,-0.999,-0.000,1.000,0.000,0.999,0.000,-0.041),s="Running",v=Vector3.new(45.960,0.001,1.906)},
        {t=2.084,cf=CFrame.new(-916.694,497.792,-10.484,-0.041,-0.000,-0.999,-0.000,1.000,0.000,0.999,0.000,-0.041),s="Running",v=Vector3.new(45.960,0.001,1.906)},
        {t=2.100,cf=CFrame.new(-915.928,497.792,-10.452,-0.041,-0.000,-0.999,-0.000,1.000,0.000,0.999,0.000,-0.041),s="Running",v=Vector3.new(45.960,0.001,1.906)},
        {t=2.117,cf=CFrame.new(-915.162,497.792,-10.421,-0.041,-0.000,-0.999,-0.000,1.000,0.000,0.999,0.000,-0.041),s="Running",v=Vector3.new(45.960,0.001,1.906)},
        {t=2.133,cf=CFrame.new(-914.396,497.792,-10.389,-0.041,-0.000,-0.999,-0.000,1.000,0.000,0.999,0.000,-0.041),s="Running",v=Vector3.new(45.960,0.001,1.906)},
        {t=2.151,cf=CFrame.new(-913.629,497.792,-10.357,-0.041,-0.000,-0.999,-0.000,1.000,0.000,0.999,0.000,-0.041),s="Running",v=Vector3.new(45.960,0.001,1.906)},
        {t=2.167,cf=CFrame.new(-912.863,497.792,-10.325,-0.041,-0.000,-0.999,-0.000,1.000,0.000,0.999,0.000,-0.041),s="Running",v=Vector3.new(45.960,0.001,1.906)},
        {t=2.184,cf=CFrame.new(-912.097,497.792,-10.294,-0.041,-0.000,-0.999,-0.000,1.000,0.000,0.999,0.000,-0.041),s="Running",v=Vector3.new(45.960,0.001,1.906)},
        {t=2.203,cf=CFrame.new(-911.331,497.792,-10.262,-0.041,-0.000,-0.999,-0.000,1.000,0.000,0.999,0.000,-0.041),s="Running",v=Vector3.new(45.960,0.001,1.906)},
        {t=2.216,cf=CFrame.new(-910.756,497.792,-10.238,-0.041,-0.000,-0.999,-0.000,1.000,0.000,0.999,0.000,-0.041),s="Running",v=Vector3.new(45.960,0.001,1.906)},
        {t=2.234,cf=CFrame.new(-909.799,497.792,-10.198,-0.041,-0.000,-0.999,-0.000,1.000,0.000,0.999,0.000,-0.041),s="Running",v=Vector3.new(45.960,0.001,1.906)},
        {t=2.249,cf=CFrame.new(-909.224,497.792,-10.174,-0.041,-0.000,-0.999,-0.000,1.000,0.000,0.999,0.000,-0.041),s="Running",v=Vector3.new(45.960,0.001,1.906)},
        {t=2.268,cf=CFrame.new(-908.458,497.792,-10.143,-0.041,-0.000,-0.999,-0.000,1.000,0.000,0.999,0.000,-0.041),s="Running",v=Vector3.new(45.960,0.001,1.906)},
        {t=2.282,cf=CFrame.new(-907.692,497.792,-10.111,-0.041,-0.000,-0.999,-0.000,1.000,0.000,0.999,0.000,-0.041),s="Running",v=Vector3.new(45.960,0.001,1.906)},
        {t=2.300,cf=CFrame.new(-906.926,497.792,-10.079,-0.041,-0.000,-0.999,-0.000,1.000,0.000,0.999,0.000,-0.041),s="Running",v=Vector3.new(45.960,0.001,1.906)},
        {t=2.317,cf=CFrame.new(-906.160,497.792,-10.047,-0.041,-0.000,-0.999,-0.000,1.000,0.000,0.999,0.000,-0.041),s="Running",v=Vector3.new(45.960,0.001,1.906)},
        {t=2.334,cf=CFrame.new(-905.394,497.792,-10.016,-0.041,-0.000,-0.999,-0.000,1.000,0.000,0.999,0.000,-0.041),s="Running",v=Vector3.new(45.960,0.001,1.906)},
        {t=2.350,cf=CFrame.new(-904.628,497.792,-9.984,-0.041,-0.000,-0.999,-0.000,1.000,0.000,0.999,0.000,-0.041),s="Running",v=Vector3.new(45.960,0.001,1.906)},
        {t=2.369,cf=CFrame.new(-903.670,497.792,-9.944,-0.041,-0.000,-0.999,-0.000,1.000,0.000,0.999,0.000,-0.041),s="Running",v=Vector3.new(45.960,0.001,1.906)},
        {t=2.385,cf=CFrame.new(-902.904,497.792,-9.912,-0.041,-0.000,-0.999,-0.000,1.000,0.000,0.999,0.000,-0.041),s="Running",v=Vector3.new(45.960,0.001,1.906)},
        {t=2.401,cf=CFrame.new(-902.329,497.792,-9.888,-0.041,-0.000,-0.999,-0.000,1.000,0.000,0.999,0.000,-0.041),s="Running",v=Vector3.new(45.960,0.001,1.906)},
        {t=2.418,cf=CFrame.new(-901.372,497.792,-9.849,-0.041,-0.000,-0.999,-0.000,1.000,0.000,0.999,0.000,-0.041),s="Running",v=Vector3.new(45.960,0.001,1.906)},
        {t=2.436,cf=CFrame.new(-900.605,497.792,-9.817,-0.041,-0.000,-0.999,-0.000,1.000,0.000,0.999,0.000,-0.041),s="Running",v=Vector3.new(45.960,0.001,1.906)},
        {t=2.450,cf=CFrame.new(-900.031,497.792,-9.793,-0.041,-0.000,-0.999,-0.000,1.000,0.000,0.999,0.000,-0.041),s="Running",v=Vector3.new(45.960,0.001,1.906)},
        {t=2.467,cf=CFrame.new(-899.265,497.792,-9.761,-0.041,-0.000,-0.999,-0.000,1.000,0.000,0.999,0.000,-0.041),s="Running",v=Vector3.new(45.960,0.001,1.906)},
        {t=2.483,cf=CFrame.new(-898.499,497.792,-9.730,-0.041,-0.000,-0.999,-0.000,1.000,0.000,0.999,0.000,-0.041),s="Running",v=Vector3.new(45.960,0.001,1.906)},
        {t=2.502,cf=CFrame.new(-897.541,497.792,-9.690,-0.041,-0.000,-0.999,-0.000,1.000,0.000,0.999,0.000,-0.041),s="Running",v=Vector3.new(45.960,0.001,1.906)},
        {t=2.517,cf=CFrame.new(-896.966,497.792,-9.666,-0.041,-0.000,-0.999,-0.000,1.000,0.000,0.999,0.000,-0.041),s="Running",v=Vector3.new(45.960,0.001,1.906)},
        {t=2.534,cf=CFrame.new(-896.200,497.792,-9.634,-0.041,-0.000,-0.999,-0.000,1.000,0.000,0.999,0.000,-0.041),s="Running",v=Vector3.new(45.960,0.001,1.906)},
        {t=2.551,cf=CFrame.new(-895.243,497.792,-9.595,-0.041,-0.000,-0.999,-0.000,1.000,0.000,0.999,0.000,-0.041),s="Running",v=Vector3.new(45.960,0.001,1.906)},
        {t=2.567,cf=CFrame.new(-894.477,497.792,-9.563,-0.041,-0.000,-0.999,-0.000,1.000,0.000,0.999,0.000,-0.041),s="Running",v=Vector3.new(45.960,0.001,1.906)},
        {t=2.583,cf=CFrame.new(-893.902,497.792,-9.539,-0.041,-0.000,-0.999,-0.000,1.000,0.000,0.999,0.000,-0.041),s="Running",v=Vector3.new(45.960,0.001,1.906)},
        {t=2.602,cf=CFrame.new(-892.944,497.792,-9.499,-0.041,-0.000,-0.999,-0.000,1.000,0.000,0.999,0.000,-0.041),s="Running",v=Vector3.new(45.960,0.001,1.906)},
        {t=2.617,cf=CFrame.new(-892.370,497.792,-9.475,-0.041,-0.000,-0.999,-0.000,1.000,0.000,0.999,0.000,-0.041),s="Running",v=Vector3.new(45.960,0.001,1.906)},
        {t=2.633,cf=CFrame.new(-891.412,497.792,-9.436,-0.041,-0.000,-0.999,-0.000,1.000,0.000,0.999,0.000,-0.041),s="Running",v=Vector3.new(45.960,0.001,1.906)},
        {t=2.652,cf=CFrame.new(-890.646,497.792,-9.404,-0.041,-0.000,-0.999,-0.000,1.000,0.000,0.999,0.000,-0.041),s="Running",v=Vector3.new(45.960,0.001,1.906)},
        {t=2.667,cf=CFrame.new(-890.071,497.792,-9.380,-0.041,-0.000,-0.999,-0.000,1.000,0.000,0.999,0.000,-0.041),s="Running",v=Vector3.new(45.960,0.001,1.906)},
        {t=2.683,cf=CFrame.new(-889.305,497.792,-9.348,-0.041,-0.000,-0.999,-0.000,1.000,0.000,0.999,0.000,-0.041),s="Running",v=Vector3.new(45.960,0.001,1.906)},
        {t=2.703,cf=CFrame.new(-888.348,497.792,-9.309,-0.041,-0.000,-0.999,-0.000,1.000,0.000,0.999,0.000,-0.041),s="Running",v=Vector3.new(45.960,0.001,1.906)},
        {t=2.717,cf=CFrame.new(-887.773,497.792,-9.285,-0.041,-0.000,-0.999,-0.000,1.000,0.000,0.999,0.000,-0.041),s="Running",v=Vector3.new(45.960,0.001,1.906)},
        {t=2.734,cf=CFrame.new(-887.007,497.792,-9.253,-0.041,-0.000,-0.999,-0.000,1.000,0.000,0.999,0.000,-0.041),s="Running",v=Vector3.new(45.960,0.001,1.906)},
        {t=2.749,cf=CFrame.new(-886.241,497.792,-9.221,-0.041,-0.000,-0.999,-0.000,1.000,0.000,0.999,0.000,-0.041),s="Running",v=Vector3.new(45.960,0.001,1.906)},
        {t=2.768,cf=CFrame.new(-885.283,497.792,-9.182,-0.041,-0.000,-0.999,-0.000,1.000,0.000,0.999,0.000,-0.041),s="Running",v=Vector3.new(45.960,0.001,1.906)},
        {t=2.789,cf=CFrame.new(-884.517,497.792,-9.150,-0.041,-0.000,-0.999,-0.000,1.000,0.000,0.999,0.000,-0.041),s="Running",v=Vector3.new(45.960,0.001,1.906)},
        {t=2.801,cf=CFrame.new(-883.751,497.792,-9.118,-0.041,-0.000,-0.999,-0.000,1.000,0.000,0.999,0.000,-0.041),s="Running",v=Vector3.new(45.960,0.001,1.906)},
        {t=2.819,cf=CFrame.new(-882.985,497.792,-9.086,-0.041,-0.000,-0.999,-0.000,1.000,0.000,0.999,0.000,-0.041),s="Running",v=Vector3.new(45.960,0.001,1.906)},
        {t=2.834,cf=CFrame.new(-882.219,497.792,-9.055,-0.041,-0.000,-0.999,-0.000,1.000,0.000,0.999,0.000,-0.041),s="Running",v=Vector3.new(45.960,0.001,1.906)},
        {t=2.850,cf=CFrame.new(-881.453,497.792,-9.023,-0.041,-0.000,-0.999,-0.000,1.000,0.000,0.999,0.000,-0.041),s="Running",v=Vector3.new(45.960,0.001,1.906)},
        {t=2.866,cf=CFrame.new(-880.878,497.792,-8.999,-0.041,-0.000,-0.999,-0.000,1.000,0.000,0.999,0.000,-0.041),s="Running",v=Vector3.new(45.960,0.001,1.906)},
        {t=2.886,cf=CFrame.new(-879.920,497.792,-8.959,-0.041,-0.000,-0.999,-0.000,1.000,0.000,0.999,0.000,-0.041),s="Running",v=Vector3.new(45.960,0.001,1.906)},
        {t=2.900,cf=CFrame.new(-879.154,497.792,-8.927,-0.041,-0.000,-0.999,-0.000,1.000,0.000,0.999,0.000,-0.041),s="Running",v=Vector3.new(45.960,0.001,1.906)},
        {t=2.917,cf=CFrame.new(-878.388,497.792,-8.896,-0.041,-0.000,-0.999,-0.000,1.000,0.000,0.999,0.000,-0.041),s="Running",v=Vector3.new(45.960,0.001,1.906)},
        {t=2.936,cf=CFrame.new(-877.622,497.792,-8.864,-0.041,-0.000,-0.999,-0.000,1.000,0.000,0.999,0.000,-0.041),s="Running",v=Vector3.new(45.960,0.001,1.906)},
        {t=2.950,cf=CFrame.new(-877.047,497.792,-8.840,-0.041,-0.000,-0.999,-0.000,1.000,0.000,0.999,0.000,-0.041),s="Running",v=Vector3.new(45.960,0.001,1.906)},
        {t=2.967,cf=CFrame.new(-876.281,497.792,-8.808,-0.041,-0.000,-0.999,-0.000,1.000,0.000,0.999,0.000,-0.041),s="Running",v=Vector3.new(45.960,0.001,1.906)},
        {t=2.985,cf=CFrame.new(-875.324,497.792,-8.769,-0.041,-0.000,-0.999,-0.000,1.000,0.000,0.999,0.000,-0.041),s="Running",v=Vector3.new(45.960,0.001,1.906)},
        {t=3.001,cf=CFrame.new(-874.558,497.792,-8.737,-0.041,-0.000,-0.999,-0.000,1.000,0.000,0.999,0.000,-0.041),s="Running",v=Vector3.new(45.960,0.001,1.906)},
        {t=3.017,cf=CFrame.new(-873.792,497.792,-8.705,-0.041,-0.000,-0.999,-0.000,1.000,0.000,0.999,0.000,-0.041),s="Running",v=Vector3.new(45.960,0.001,1.906)},
        {t=3.033,cf=CFrame.new(-873.025,497.792,-8.673,-0.041,-0.000,-0.999,-0.000,1.000,0.000,0.999,0.000,-0.041),s="Running",v=Vector3.new(45.960,0.001,1.906)},
        {t=3.052,cf=CFrame.new(-872.259,497.792,-8.642,-0.041,-0.000,-0.999,-0.000,1.000,0.000,0.999,0.000,-0.041),s="Running",v=Vector3.new(45.960,0.001,1.906)},
        {t=3.067,cf=CFrame.new(-871.685,497.792,-8.618,-0.041,-0.000,-0.999,-0.000,1.000,0.000,0.999,0.000,-0.041),s="Running",v=Vector3.new(45.960,0.001,1.906)},
        {t=3.083,cf=CFrame.new(-870.919,497.792,-8.586,-0.041,-0.000,-0.999,-0.000,1.000,0.000,0.999,0.000,-0.041),s="Running",v=Vector3.new(45.960,0.001,1.906)},
        {t=3.100,cf=CFrame.new(-870.152,497.792,-8.554,-0.041,-0.000,-0.999,-0.000,1.000,0.000,0.999,0.000,-0.041),s="Running",v=Vector3.new(45.960,0.001,1.906)},
        {t=3.118,cf=CFrame.new(-869.386,497.792,-8.522,-0.041,-0.000,-0.999,-0.000,1.000,0.000,0.999,0.000,-0.041),s="Running",v=Vector3.new(45.960,0.001,1.906)},
        {t=3.133,cf=CFrame.new(-868.620,497.792,-8.491,-0.041,-0.000,-0.999,-0.000,1.000,0.000,0.999,0.000,-0.041),s="Running",v=Vector3.new(45.960,0.001,1.906)},
        {t=3.150,cf=CFrame.new(-867.663,497.792,-8.451,-0.041,-0.000,-0.999,-0.000,1.000,0.000,0.999,0.000,-0.041),s="Running",v=Vector3.new(45.960,0.001,1.906)},
        {t=3.167,cf=CFrame.new(-866.896,497.792,-8.419,-0.041,-0.000,-0.999,-0.000,1.000,0.000,0.999,0.000,-0.041),s="Running",v=Vector3.new(45.960,0.001,1.906)},
        {t=3.184,cf=CFrame.new(-866.130,497.792,-8.387,-0.041,-0.000,-0.999,-0.000,1.000,0.000,0.999,0.000,-0.041),s="Running",v=Vector3.new(45.960,0.001,1.906)},
        {t=3.202,cf=CFrame.new(-865.364,497.792,-8.356,-0.041,-0.000,-0.999,-0.000,1.000,0.000,0.999,0.000,-0.041),s="Running",v=Vector3.new(45.960,0.001,1.906)},
        {t=3.218,cf=CFrame.new(-864.598,497.792,-8.324,-0.041,-0.000,-0.999,-0.000,1.000,0.000,0.999,0.000,-0.041),s="Running",v=Vector3.new(45.960,0.001,1.906)},
        {t=3.233,cf=CFrame.new(-863.835,497.792,-8.292,-0.041,-0.000,-0.999,-0.000,1.000,0.000,0.999,0.000,-0.041),s="Running",v=Vector3.new(32.217,0.001,1.336)},
        {t=3.250,cf=CFrame.new(-863.613,497.792,-8.283,-0.041,-0.000,-0.999,-0.000,1.000,0.000,0.999,0.000,-0.041),s="Running",v=Vector3.new(26.720,0.001,1.108)},
        {t=3.269,cf=CFrame.new(-863.220,497.792,-8.267,-0.041,-0.000,-0.999,-0.000,1.000,0.000,0.999,0.000,-0.041),s="Running",v=Vector3.new(10.228,0.001,0.424)},
        {t=3.283,cf=CFrame.new(-863.180,497.792,-8.265,-0.041,-0.000,-0.999,-0.000,1.000,0.000,0.999,0.000,-0.041),s="Running",v=Vector3.new(4.731,0.001,0.196)},
        {t=3.300,cf=CFrame.new(-863.173,497.792,-8.265,-0.041,-0.000,-0.999,-0.000,1.000,0.000,0.999,0.000,-0.041),s="Running",v=Vector3.new(0.105,0.001,0.004)},
        {t=3.318,cf=CFrame.new(-863.173,497.792,-8.265,-0.041,-0.000,-0.999,-0.000,1.000,0.000,0.999,0.000,-0.041),s="Running",v=Vector3.new(0.002,0.001,0.000)},
        {t=3.334,cf=CFrame.new(-863.173,497.792,-8.265,-0.041,-0.000,-0.999,-0.000,1.000,0.000,0.999,0.000,-0.041),s="Running",v=Vector3.new(0.000,0.001,0.000)},
        {t=3.350,cf=CFrame.new(-863.173,497.792,-8.265,-0.041,-0.000,-0.999,-0.000,1.000,0.000,0.999,0.000,-0.041),s="Running",v=Vector3.new(0.000,0.001,0.000)},
        {t=3.368,cf=CFrame.new(-863.173,497.792,-8.265,-0.041,-0.000,-0.999,-0.000,1.000,0.000,0.999,0.000,-0.041),s="Running",v=Vector3.new(0.000,0.001,0.000)},
        {t=3.384,cf=CFrame.new(-863.173,497.792,-8.265,-0.041,-0.000,-0.999,-0.000,1.000,0.000,0.999,0.000,-0.041),s="Running",v=Vector3.new(0.000,0.001,0.000)},
        {t=3.400,cf=CFrame.new(-863.173,497.792,-8.265,0.159,-0.000,-0.987,0.000,1.000,-0.000,0.987,0.000,0.159),s="Running",v=Vector3.new(0.003,0.001,0.035)},
        {t=3.415,cf=CFrame.new(-863.173,497.792,-8.265,0.153,-0.000,-0.988,0.000,1.000,-0.000,0.988,0.000,0.153),s="Running",v=Vector3.new(0.002,0.001,0.022)},
        {t=3.433,cf=CFrame.new(-863.173,497.792,-8.265,0.151,-0.000,-0.989,-0.000,1.000,-0.000,0.989,0.000,0.151),s="Running",v=Vector3.new(0.000,0.001,0.002)},
        {t=3.458,cf=CFrame.new(-863.173,497.792,-8.265,0.146,0.000,-0.989,-0.000,1.000,0.000,0.989,-0.000,0.146),s="Running",v=Vector3.new(0.000,0.001,0.000)},
        {t=3.470,cf=CFrame.new(-863.173,497.792,-8.265,0.087,0.000,-0.996,-0.000,1.000,0.000,0.996,-0.000,0.087),s="Running",v=Vector3.new(-0.000,0.001,0.000)},
        {t=3.483,cf=CFrame.new(-863.173,497.792,-8.265,0.022,0.000,-1.000,0.000,1.000,0.000,1.000,-0.000,0.022),s="Running",v=Vector3.new(0.000,0.001,0.000)},
        {t=3.500,cf=CFrame.new(-863.173,497.792,-8.265,-0.059,0.000,-0.998,0.000,1.000,0.000,0.998,-0.000,-0.059),s="Running",v=Vector3.new(0.000,0.001,0.000)},
        {t=3.516,cf=CFrame.new(-863.173,497.792,-8.265,-0.128,0.000,-0.992,0.000,1.000,0.000,0.992,-0.000,-0.128),s="Running",v=Vector3.new(0.000,0.001,0.000)},
        {t=3.533,cf=CFrame.new(-863.173,497.792,-8.265,-0.187,0.000,-0.982,0.000,1.000,0.000,0.982,-0.000,-0.187),s="Running",v=Vector3.new(0.000,0.001,0.000)},
        {t=3.549,cf=CFrame.new(-863.173,497.792,-8.265,-0.233,-0.000,-0.972,-0.000,1.000,-0.000,0.972,-0.000,-0.233),s="Running",v=Vector3.new(0.000,0.001,0.000)},
        {t=3.569,cf=CFrame.new(-863.062,497.792,-8.238,-0.257,-0.000,-0.966,-0.000,1.000,-0.000,0.966,-0.000,-0.257),s="Running",v=Vector3.new(10.700,0.001,2.569)},
        {t=3.583,cf=CFrame.new(-862.861,497.792,-8.188,-0.257,-0.000,-0.966,-0.000,1.000,-0.000,0.966,-0.000,-0.257),s="Running",v=Vector3.new(18.660,0.001,4.748)},
        {t=3.599,cf=CFrame.new(-862.307,497.792,-8.044,-0.257,-0.000,-0.966,-0.000,1.000,-0.000,0.966,-0.000,-0.257),s="Running",v=Vector3.new(31.928,0.001,8.379)},
        {t=3.617,cf=CFrame.new(-861.841,497.792,-7.921,-0.257,-0.000,-0.966,-0.000,1.000,-0.000,0.966,-0.000,-0.257),s="Running",v=Vector3.new(39.888,0.001,10.558)},
        {t=3.633,cf=CFrame.new(-860.928,497.792,-7.678,-0.257,-0.000,-0.966,-0.000,1.000,-0.000,0.966,-0.000,-0.257),s="Running",v=Vector3.new(44.421,0.001,11.798)},
        {t=3.649,cf=CFrame.new(-860.187,497.792,-7.481,-0.257,-0.000,-0.966,-0.000,1.000,-0.000,0.966,-0.000,-0.257),s="Running",v=Vector3.new(44.458,0.001,11.808)},
        {t=3.668,cf=CFrame.new(-859.446,497.792,-7.285,-0.257,0.000,-0.966,0.000,1.000,0.000,0.966,0.000,-0.257),s="Running",v=Vector3.new(44.458,0.001,11.809)},
        {t=3.683,cf=CFrame.new(-858.890,497.792,-7.137,-0.257,0.000,-0.966,0.000,1.000,0.000,0.966,0.000,-0.257),s="Running",v=Vector3.new(44.458,0.001,11.809)},
        {t=3.700,cf=CFrame.new(-857.964,497.792,-6.891,-0.257,0.000,-0.966,0.000,1.000,0.000,0.966,0.000,-0.257),s="Running",v=Vector3.new(44.458,0.001,11.809)},
        {t=3.717,cf=CFrame.new(-857.223,497.792,-6.694,-0.257,0.000,-0.966,0.000,1.000,0.000,0.966,0.000,-0.257),s="Running",v=Vector3.new(44.458,0.001,11.809)},
        {t=3.732,cf=CFrame.new(-856.667,497.792,-6.547,-0.257,0.000,-0.966,0.000,1.000,0.000,0.966,0.000,-0.257),s="Running",v=Vector3.new(44.458,0.001,11.809)},
        {t=3.749,cf=CFrame.new(-855.926,497.792,-6.350,-0.257,0.000,-0.966,0.000,1.000,0.000,0.966,0.000,-0.257),s="Running",v=Vector3.new(44.458,0.001,11.809)},
        {t=3.772,cf=CFrame.new(-854.815,497.795,-6.055,-0.238,-0.000,-0.971,0.000,1.000,-0.000,0.971,-0.000,-0.238),s="Running",v=Vector3.new(44.458,0.125,11.809)},
        {t=3.784,cf=CFrame.new(-854.257,497.801,-5.916,-0.148,-0.000,-0.989,0.000,1.000,-0.000,0.989,-0.000,-0.148),s="Running",v=Vector3.new(44.670,0.511,10.980)},
        {t=3.799,cf=CFrame.new(-853.508,497.811,-5.757,-0.118,-0.000,-0.993,0.000,1.000,-0.000,0.993,-0.000,-0.118),s="Running",v=Vector3.new(45.131,0.528,8.641)},
        {t=3.816,cf=CFrame.new(-852.751,497.817,-5.638,-0.057,-0.000,-0.998,0.000,1.000,-0.000,0.998,-0.000,-0.057),s="Running",v=Vector3.new(45.531,0.328,6.290)},
        {t=3.834,cf=CFrame.new(-851.990,497.821,-5.558,0.007,-0.000,-1.000,0.000,1.000,-0.000,1.000,-0.000,0.007),s="Running",v=Vector3.new(45.785,0.184,3.919)},
        {t=3.852,cf=CFrame.new(-851.225,497.823,-5.517,0.057,-0.000,-0.998,0.000,1.000,-0.000,0.998,-0.000,0.057),s="Running",v=Vector3.new(45.906,0.101,1.538)},
        {t=3.866,cf=CFrame.new(-850.652,497.824,-5.513,0.115,-0.000,-0.993,0.000,1.000,-0.000,0.993,0.000,0.115),s="Running",v=Vector3.new(45.915,0.064,-0.250)},
        {t=3.887,cf=CFrame.new(-849.697,497.825,-5.555,0.135,-0.000,-0.991,-0.000,1.000,-0.000,0.991,0.000,0.135),s="Running",v=Vector3.new(45.784,0.030,-3.227)},
        {t=3.902,cf=CFrame.new(-849.125,497.805,-5.610,0.146,0.000,-0.989,-0.000,1.000,0.000,0.989,0.000,0.146),s="Running",v=Vector3.new(45.662,-2.422,-5.011)},
        {t=3.919,cf=CFrame.new(-848.177,497.781,-5.746,0.146,0.000,-0.989,-0.000,1.000,0.000,0.989,0.000,0.146),s="Running",v=Vector3.new(45.511,0.133,-6.687)},
        {t=3.934,cf=CFrame.new(-847.418,497.785,-5.857,0.146,0.000,-0.989,-0.000,1.000,0.000,0.989,0.000,0.146),s="Running",v=Vector3.new(45.509,0.230,-6.700)},
        {t=3.950,cf=CFrame.new(-846.661,497.693,-5.969,0.148,0.000,-0.989,-0.000,1.000,0.000,0.989,-0.000,0.148),s="Running",v=Vector3.new(45.397,-7.131,-6.683)},
        {t=3.967,cf=CFrame.new(-845.926,497.480,-6.078,0.148,0.000,-0.989,-0.000,1.000,0.000,0.989,-0.000,0.148),s="Running",v=Vector3.new(43.913,-14.349,-6.561)},
        {t=3.993,cf=CFrame.new(-845.235,497.207,-6.182,0.148,0.000,-0.989,-0.000,1.000,0.000,0.989,-0.000,0.148),s="Running",v=Vector3.new(41.138,-17.619,-6.148)},
        {t=4.003,cf=CFrame.new(-844.640,496.879,-6.271,0.148,-0.000,-0.989,0.000,1.000,-0.000,0.989,-0.000,0.148),s="Running",v=Vector3.new(33.906,-20.889,-5.067)},
        {t=4.016,cf=CFrame.new(-844.207,496.597,-6.335,0.150,-0.000,-0.989,0.000,1.000,-0.000,0.989,-0.000,0.150),s="Running",v=Vector3.new(34.715,-23.342,-5.188)},
        {t=4.034,cf=CFrame.new(-843.418,496.060,-6.455,0.150,-0.000,-0.989,0.000,1.000,-0.000,0.989,-0.000,0.150),s="Running",v=Vector3.new(38.280,-27.429,-5.806)},
        {t=4.050,cf=CFrame.new(-842.710,495.569,-6.562,0.150,-0.000,-0.989,0.000,1.000,-0.000,0.989,-0.000,0.150),s="Running",v=Vector3.new(43.421,-30.699,-6.586)},
        {t=4.067,cf=CFrame.new(-841.976,495.023,-6.674,0.150,-0.000,-0.989,0.000,1.000,-0.000,0.989,-0.000,0.150),s="Running",v=Vector3.new(44.097,-33.969,-6.689)},
        {t=4.085,cf=CFrame.new(-841.241,494.423,-6.785,0.148,-0.000,-0.989,0.000,1.000,-0.000,0.989,-0.000,0.148),s="Running",v=Vector3.new(44.110,-37.239,-6.691)},
