-- CFrame Auto Walk Recording
-- Total Frames: 859
-- Recorded HipHeight: 1.971226692199707

return {
    hipHeight = 1.971226692199707,
    frames = {
        {t=0.016,cf=CFrame.new(14.863,2.971,-5.304,0.988,0.000,-0.157,-0.000,1.000,0.000,0.157,-0.000,0.988),s="Running",v=Vector3.new(-0.000,-0.000,0.000)},
        {t=0.031,cf=CFrame.new(14.863,2.971,-5.304,0.988,0.000,-0.157,-0.000,1.000,0.000,0.157,-0.000,0.988),s="Running",v=Vector3.new(0.000,-0.000,-0.000)},
        {t=0.048,cf=CFrame.new(14.863,2.971,-5.304,0.988,0.000,-0.157,-0.000,1.000,0.000,0.157,-0.000,0.988),s="Running",v=Vector3.new(0.000,-0.000,-0.000)},
        {t=0.065,cf=CFrame.new(14.863,2.971,-5.304,0.988,0.000,-0.157,-0.000,1.000,0.000,0.157,-0.000,0.988),s="Running",v=Vector3.new(0.000,-0.000,-0.000)},
        {t=0.082,cf=CFrame.new(14.863,2.971,-5.304,0.988,-0.000,-0.157,0.000,1.000,-0.000,0.157,0.000,0.988),s="Running",v=Vector3.new(0.000,-0.000,-0.000)},
        {t=0.099,cf=CFrame.new(14.863,2.971,-5.304,0.988,-0.000,-0.157,0.000,1.000,-0.000,0.157,0.000,0.988),s="Running",v=Vector3.new(0.000,-0.000,-0.000)},
        {t=0.115,cf=CFrame.new(14.863,2.971,-5.304,0.988,-0.000,-0.157,0.000,1.000,-0.000,0.157,0.000,0.988),s="Running",v=Vector3.new(0.000,-0.000,-0.000)},
        {t=0.131,cf=CFrame.new(14.863,2.971,-5.304,0.988,-0.000,-0.157,0.000,1.000,-0.000,0.157,0.000,0.988),s="Running",v=Vector3.new(0.000,-0.000,-0.000)},
        {t=0.148,cf=CFrame.new(14.863,2.971,-5.304,0.988,-0.000,-0.157,0.000,1.000,-0.000,0.157,0.000,0.988),s="Running",v=Vector3.new(0.000,-0.000,-0.000)},
        {t=0.165,cf=CFrame.new(14.863,2.971,-5.304,0.988,-0.000,-0.157,0.000,1.000,-0.000,0.157,0.000,0.988),s="Running",v=Vector3.new(-0.000,-0.000,0.000)},
        {t=0.182,cf=CFrame.new(14.863,2.971,-5.304,0.988,-0.000,-0.157,0.000,1.000,-0.000,0.157,0.000,0.988),s="Running",v=Vector3.new(-0.000,-0.000,0.000)},
        {t=0.198,cf=CFrame.new(14.863,2.971,-5.304,0.988,0.000,-0.157,-0.000,1.000,0.000,0.157,-0.000,0.988),s="Running",v=Vector3.new(-0.000,-0.000,0.000)},
        {t=0.216,cf=CFrame.new(14.863,2.971,-5.304,0.988,0.000,-0.157,-0.000,1.000,0.000,0.157,-0.000,0.988),s="Running",v=Vector3.new(-0.000,-0.000,0.000)},
        {t=0.234,cf=CFrame.new(14.863,2.971,-5.304,1.000,0.000,0.007,-0.000,1.000,-0.000,-0.007,0.000,1.000),s="Running",v=Vector3.new(-0.010,0.000,0.000)},
        {t=0.250,cf=CFrame.new(14.772,2.971,-5.396,1.000,0.000,0.003,-0.000,1.000,-0.000,-0.003,0.000,1.000),s="Running",v=Vector3.new(-8.789,0.000,-8.784)},
        {t=0.266,cf=CFrame.new(14.589,2.971,-5.578,1.000,-0.000,0.000,0.000,1.000,-0.000,-0.000,0.000,1.000),s="Running",v=Vector3.new(-11.264,-0.000,-11.264)},
        {t=0.282,cf=CFrame.new(14.401,2.971,-5.767,1.000,-0.000,0.000,0.000,1.000,0.000,-0.000,-0.000,1.000),s="Running",v=Vector3.new(-11.313,-0.000,-11.313)},
        {t=0.299,cf=CFrame.new(14.212,2.971,-5.955,1.000,-0.000,0.000,0.000,1.000,0.000,-0.000,-0.000,1.000),s="Running",v=Vector3.new(-11.314,-0.000,-11.314)},
        {t=0.316,cf=CFrame.new(14.071,2.971,-6.097,1.000,-0.000,0.000,0.000,1.000,0.000,-0.000,-0.000,1.000),s="Running",v=Vector3.new(-11.314,-0.000,-11.314)},
        {t=0.332,cf=CFrame.new(13.883,2.971,-6.285,1.000,-0.000,0.000,0.000,1.000,0.000,-0.000,-0.000,1.000),s="Running",v=Vector3.new(-11.314,-0.000,-11.314)},
        {t=0.349,cf=CFrame.new(13.694,2.971,-6.474,1.000,0.000,0.000,-0.000,1.000,0.000,-0.000,-0.000,1.000),s="Running",v=Vector3.new(-11.314,-0.000,-11.314)},
        {t=0.366,cf=CFrame.new(13.505,2.971,-6.662,1.000,0.000,0.000,-0.000,1.000,0.000,-0.000,-0.000,1.000),s="Running",v=Vector3.new(-11.314,-0.000,-11.314)},
        {t=0.382,cf=CFrame.new(13.317,2.971,-6.851,1.000,0.000,0.000,-0.000,1.000,-0.000,-0.000,0.000,1.000),s="Running",v=Vector3.new(-11.314,-0.000,-11.314)},
        {t=0.399,cf=CFrame.new(13.243,2.971,-7.087,1.000,0.000,0.002,-0.000,1.000,-0.000,-0.002,0.000,1.000),s="Running",v=Vector3.new(-1.016,-0.000,-15.579)},
        {t=0.415,cf=CFrame.new(13.240,2.971,-7.419,1.000,0.000,0.002,-0.000,1.000,-0.000,-0.002,0.000,1.000),s="Running",v=Vector3.new(-0.042,-0.000,-15.997)},
        {t=0.432,cf=CFrame.new(13.239,2.971,-7.619,1.000,0.000,0.004,-0.000,1.000,-0.000,-0.004,0.000,1.000),s="Running",v=Vector3.new(-0.035,-0.000,-16.000)},
        {t=0.449,cf=CFrame.new(13.238,2.971,-7.953,1.000,0.000,0.011,-0.000,1.000,-0.000,-0.011,0.000,1.000),s="Running",v=Vector3.new(-0.070,-0.000,-16.000)},
        {t=0.465,cf=CFrame.new(13.235,2.971,-8.219,1.000,0.000,0.020,-0.000,1.000,-0.000,-0.020,0.000,1.000),s="Running",v=Vector3.new(-0.172,-0.000,-15.999)},
        {t=0.483,cf=CFrame.new(13.230,2.971,-8.486,0.999,-0.000,0.033,0.000,1.000,-0.000,-0.033,0.000,0.999),s="Running",v=Vector3.new(-0.311,-0.000,-15.997)},
        {t=0.500,cf=CFrame.new(13.222,2.971,-8.752,0.999,-0.000,0.046,0.000,1.000,0.000,-0.046,-0.000,0.999),s="Running",v=Vector3.new(-0.519,-0.000,-15.992)},
        {t=0.515,cf=CFrame.new(13.214,2.971,-8.952,0.999,-0.000,0.055,0.000,1.000,0.000,-0.055,-0.000,0.999),s="Running",v=Vector3.new(-0.722,-0.000,-15.984)},
        {t=0.531,cf=CFrame.new(13.199,2.971,-9.218,0.998,-0.000,0.059,0.000,1.000,0.000,-0.059,-0.000,0.998),s="Running",v=Vector3.new(-0.869,-0.000,-15.976)},
        {t=0.549,cf=CFrame.new(13.180,2.971,-9.551,0.998,-0.000,0.063,0.000,1.000,0.000,-0.063,-0.000,0.998),s="Running",v=Vector3.new(-0.941,-0.000,-15.972)},
        {t=0.566,cf=CFrame.new(13.167,2.971,-9.751,0.998,-0.000,0.065,0.000,1.000,0.000,-0.065,-0.000,0.998),s="Running",v=Vector3.new(-1.008,-0.000,-15.968)},
        {t=0.583,cf=CFrame.new(13.146,2.971,-10.083,0.998,0.000,0.065,-0.000,1.000,0.000,-0.065,-0.000,0.998),s="Running",v=Vector3.new(-1.046,-0.000,-15.966)},
        {t=0.600,cf=CFrame.new(13.128,2.971,-10.350,0.998,0.000,0.065,-0.000,1.000,0.000,-0.065,-0.000,0.998),s="Running",v=Vector3.new(-1.046,-0.000,-15.966)},
        {t=0.616,cf=CFrame.new(13.111,2.971,-10.616,0.998,0.000,0.065,-0.000,1.000,0.000,-0.065,-0.000,0.998),s="Running",v=Vector3.new(-1.046,-0.000,-15.966)},
        {t=0.633,cf=CFrame.new(13.093,2.971,-10.882,0.998,0.000,0.065,-0.000,1.000,-0.000,-0.065,-0.000,0.998),s="Running",v=Vector3.new(-1.046,-0.000,-15.966)},
        {t=0.653,cf=CFrame.new(13.076,2.971,-11.148,0.998,0.000,0.070,-0.000,1.000,-0.000,-0.070,-0.000,0.998),s="Running",v=Vector3.new(-1.046,-0.000,-15.966)},
        {t=0.666,cf=CFrame.new(13.058,2.971,-11.414,0.998,0.000,0.070,-0.000,1.000,-0.000,-0.070,0.000,0.998),s="Running",v=Vector3.new(-1.115,-0.000,-15.961)},
        {t=0.682,cf=CFrame.new(13.039,2.971,-11.680,0.998,0.000,0.070,-0.000,1.000,-0.000,-0.070,0.000,0.998),s="Running",v=Vector3.new(-1.116,-0.000,-15.961)},
        {t=0.699,cf=CFrame.new(13.020,2.971,-11.946,0.998,-0.000,0.070,0.000,1.000,-0.000,-0.070,0.000,0.998),s="Running",v=Vector3.new(-1.116,-0.000,-15.961)},
        {t=0.717,cf=CFrame.new(13.002,2.971,-12.212,0.998,-0.000,0.070,0.000,1.000,-0.000,-0.070,0.000,0.998),s="Running",v=Vector3.new(-1.116,-0.000,-15.961)},
        {t=0.733,cf=CFrame.new(12.983,2.971,-12.478,0.998,-0.000,0.070,0.000,1.000,-0.000,-0.070,0.000,0.998),s="Running",v=Vector3.new(-1.116,-0.000,-15.961)},
        {t=0.749,cf=CFrame.new(12.965,2.971,-12.744,0.998,-0.000,0.070,0.000,1.000,-0.000,-0.070,0.000,0.998),s="Running",v=Vector3.new(-1.116,-0.000,-15.961)},
        {t=0.766,cf=CFrame.new(12.946,2.971,-13.010,0.998,-0.000,0.070,0.000,1.000,-0.000,-0.070,0.000,0.998),s="Running",v=Vector3.new(-1.116,-0.000,-15.961)},
        {t=0.782,cf=CFrame.new(12.927,2.971,-13.276,0.998,-0.000,0.070,0.000,1.000,0.000,-0.070,0.000,0.998),s="Running",v=Vector3.new(-1.116,-0.000,-15.961)},
        {t=0.799,cf=CFrame.new(12.913,2.971,-13.476,0.998,-0.000,0.070,0.000,1.000,0.000,-0.070,-0.000,0.998),s="Running",v=Vector3.new(-1.116,-0.000,-15.961)},
        {t=0.816,cf=CFrame.new(12.890,2.971,-13.808,0.998,0.000,0.070,-0.000,1.000,0.000,-0.070,-0.000,0.998),s="Running",v=Vector3.new(-1.116,-0.000,-15.961)},
        {t=0.832,cf=CFrame.new(12.876,2.971,-14.008,0.998,0.000,0.070,-0.000,1.000,0.000,-0.070,-0.000,0.998),s="Running",v=Vector3.new(-1.116,-0.000,-15.961)},
        {t=0.849,cf=CFrame.new(12.858,2.971,-14.274,0.998,0.000,0.070,-0.000,1.000,0.000,-0.070,-0.000,0.998),s="Running",v=Vector3.new(-1.116,-0.000,-15.961)},
        {t=0.865,cf=CFrame.new(12.839,2.971,-14.540,0.998,0.000,0.070,-0.000,1.000,0.000,-0.070,-0.000,0.998),s="Running",v=Vector3.new(-1.116,-0.000,-15.961)},
        {t=0.883,cf=CFrame.new(12.816,2.971,-14.872,0.998,0.000,0.070,-0.000,1.000,0.000,-0.070,-0.000,0.998),s="Running",v=Vector3.new(-1.116,-0.000,-15.961)},
        {t=0.899,cf=CFrame.new(12.802,2.971,-15.072,0.998,0.000,0.070,-0.000,1.000,0.000,-0.070,-0.000,0.998),s="Running",v=Vector3.new(-1.116,-0.000,-15.961)},
        {t=0.916,cf=CFrame.new(12.779,2.971,-15.404,0.998,0.000,0.070,-0.000,1.000,-0.000,-0.070,0.000,0.998),s="Running",v=Vector3.new(-1.116,-0.000,-15.961)},
        {t=0.952,cf=CFrame.new(12.765,2.971,-15.604,0.998,-0.000,0.070,0.000,1.000,-0.000,-0.070,0.000,0.998),s="Running",v=Vector3.new(-1.116,-0.000,-15.961)},
        {t=0.955,cf=CFrame.new(12.737,2.971,-16.003,0.998,-0.000,0.070,0.000,1.000,-0.000,-0.070,0.000,0.998),s="Running",v=Vector3.new(-1.116,-0.000,-15.961)},
        {t=0.967,cf=CFrame.new(12.723,2.971,-16.202,0.998,-0.000,0.070,0.000,1.000,-0.000,-0.070,0.000,0.998),s="Running",v=Vector3.new(-1.116,-0.000,-15.961)},
        {t=0.983,cf=CFrame.new(12.704,2.971,-16.468,0.998,-0.000,0.070,0.000,1.000,-0.000,-0.070,0.000,0.998),s="Running",v=Vector3.new(-1.116,-0.000,-15.961)},
        {t=0.999,cf=CFrame.new(12.686,2.971,-16.734,0.998,-0.000,0.070,0.000,1.000,-0.000,-0.070,0.000,0.998),s="Running",v=Vector3.new(-1.116,-0.000,-15.961)},
        {t=1.017,cf=CFrame.new(12.667,2.971,-17.000,0.998,-0.000,0.070,0.000,1.000,-0.000,-0.070,0.000,0.998),s="Running",v=Vector3.new(-1.116,-0.000,-15.961)},
        {t=1.032,cf=CFrame.new(12.648,2.971,-17.266,0.998,0.000,0.070,-0.000,1.000,0.000,-0.070,-0.000,0.998),s="Running",v=Vector3.new(-1.116,-0.000,-15.961)},
        {t=1.050,cf=CFrame.new(12.630,2.971,-17.532,0.998,0.000,0.070,-0.000,1.000,0.000,-0.070,-0.000,0.998),s="Running",v=Vector3.new(-1.116,-0.000,-15.961)},
        {t=1.066,cf=CFrame.new(12.611,2.971,-17.798,0.998,0.000,0.070,-0.000,1.000,0.000,-0.070,-0.000,0.998),s="Running",v=Vector3.new(-1.116,-0.000,-15.961)},
        {t=1.082,cf=CFrame.new(12.593,2.971,-18.064,0.998,0.000,0.070,-0.000,1.000,0.000,-0.070,-0.000,0.998),s="Running",v=Vector3.new(-1.116,-0.000,-15.961)},
        {t=1.099,cf=CFrame.new(12.574,2.971,-18.330,0.998,0.000,0.070,-0.000,1.000,0.000,-0.070,-0.000,0.998),s="Running",v=Vector3.new(-1.116,-0.000,-15.961)},
        {t=1.116,cf=CFrame.new(12.560,2.971,-18.530,0.998,0.000,0.070,-0.000,1.000,0.000,-0.070,-0.000,0.998),s="Running",v=Vector3.new(-1.116,-0.000,-15.961)},
        {t=1.132,cf=CFrame.new(12.541,2.971,-18.796,0.998,0.000,0.070,-0.000,1.000,0.000,-0.070,-0.000,0.998),s="Running",v=Vector3.new(-1.116,-0.000,-15.961)},
        {t=1.148,cf=CFrame.new(12.523,2.971,-19.062,0.998,-0.000,0.070,0.000,1.000,-0.000,-0.070,0.000,0.998),s="Running",v=Vector3.new(-1.116,-0.000,-15.961)},
        {t=1.166,cf=CFrame.new(12.504,2.971,-19.328,0.998,-0.000,0.070,0.000,1.000,-0.000,-0.070,0.000,0.998),s="Running",v=Vector3.new(-1.116,-0.000,-15.961)},
        {t=1.183,cf=CFrame.new(12.481,2.971,-19.660,0.998,-0.000,0.070,0.000,1.000,-0.000,-0.070,0.000,0.998),s="Running",v=Vector3.new(-1.116,-0.000,-15.961)},
        {t=1.199,cf=CFrame.new(12.467,2.971,-19.860,0.998,-0.000,0.070,0.000,1.000,-0.000,-0.070,0.000,0.998),s="Running",v=Vector3.new(-1.116,-0.000,-15.961)},
        {t=1.217,cf=CFrame.new(12.444,2.971,-20.192,0.998,-0.000,0.070,0.000,1.000,-0.000,-0.070,0.000,0.998),s="Running",v=Vector3.new(-1.116,-0.000,-15.961)},
        {t=1.232,cf=CFrame.new(12.425,2.971,-20.458,0.998,-0.000,0.070,0.000,1.000,-0.000,-0.070,0.000,0.998),s="Running",v=Vector3.new(-1.116,-0.000,-15.961)},
        {t=1.250,cf=CFrame.new(12.407,2.971,-20.724,0.998,0.000,0.070,-0.000,1.000,0.000,-0.070,-0.000,0.998),s="Running",v=Vector3.new(-1.116,-0.000,-15.961)},
        {t=1.266,cf=CFrame.new(12.388,2.971,-20.990,0.998,0.000,0.070,-0.000,1.000,0.000,-0.070,-0.000,0.998),s="Running",v=Vector3.new(-1.116,-0.000,-15.961)},
        {t=1.282,cf=CFrame.new(12.369,2.971,-21.256,0.998,0.000,0.070,-0.000,1.000,0.000,-0.070,-0.000,0.998),s="Running",v=Vector3.new(-1.116,-0.000,-15.961)},
        {t=1.299,cf=CFrame.new(12.351,2.971,-21.522,0.998,0.000,0.070,-0.000,1.000,0.000,-0.070,-0.000,0.998),s="Running",v=Vector3.new(-1.116,-0.000,-15.961)},
        {t=1.316,cf=CFrame.new(12.332,2.971,-21.788,0.998,0.000,0.070,-0.000,1.000,0.000,-0.070,-0.000,0.998),s="Running",v=Vector3.new(-1.116,-0.000,-15.961)},
        {t=1.332,cf=CFrame.new(12.318,2.971,-21.988,0.998,0.000,0.070,-0.000,1.000,0.000,-0.070,-0.000,0.998),s="Running",v=Vector3.new(-1.116,-0.000,-15.961)},
        {t=1.349,cf=CFrame.new(12.300,2.971,-22.254,0.998,0.000,0.070,-0.000,1.000,0.000,-0.070,-0.000,0.998),s="Running",v=Vector3.new(-1.116,-0.000,-15.961)},
        {t=1.366,cf=CFrame.new(12.276,2.971,-22.587,0.998,-0.000,0.070,0.000,1.000,-0.000,-0.070,0.000,0.998),s="Running",v=Vector3.new(-1.116,-0.000,-15.961)},
        {t=1.382,cf=CFrame.new(12.262,2.971,-22.786,0.998,-0.000,0.070,0.000,1.000,-0.000,-0.070,0.000,0.998),s="Running",v=Vector3.new(-1.116,-0.000,-15.961)},
        {t=1.399,cf=CFrame.new(12.244,2.971,-23.052,0.998,-0.000,0.070,0.000,1.000,-0.000,-0.070,0.000,0.998),s="Running",v=Vector3.new(-1.116,-0.000,-15.961)},
        {t=1.416,cf=CFrame.new(12.220,2.971,-23.385,0.998,-0.000,0.070,0.000,1.000,-0.000,-0.070,0.000,0.998),s="Running",v=Vector3.new(-1.116,-0.000,-15.961)},
        {t=1.432,cf=CFrame.new(12.207,2.971,-23.584,0.998,-0.000,0.070,0.000,1.000,-0.000,-0.070,0.000,0.998),s="Running",v=Vector3.new(-1.116,-0.000,-15.961)},
        {t=1.449,cf=CFrame.new(12.188,2.971,-23.850,0.998,-0.000,0.070,0.000,1.000,-0.000,-0.070,0.000,0.998),s="Running",v=Vector3.new(-1.116,-0.000,-15.961)},
        {t=1.466,cf=CFrame.new(12.165,2.971,-24.183,0.998,0.000,0.070,-0.000,1.000,0.000,-0.070,-0.000,0.998),s="Running",v=Vector3.new(-1.116,-0.000,-15.961)},
        {t=1.482,cf=CFrame.new(12.151,2.971,-24.382,0.998,0.000,0.070,-0.000,1.000,0.000,-0.070,-0.000,0.998),s="Running",v=Vector3.new(-1.116,-0.000,-15.961)},
        {t=1.499,cf=CFrame.new(12.127,2.971,-24.715,0.998,0.000,0.070,-0.000,1.000,0.000,-0.070,-0.000,0.998),s="Running",v=Vector3.new(-1.116,-0.000,-15.961)},
        {t=1.515,cf=CFrame.new(12.109,2.971,-24.981,0.998,0.000,0.070,-0.000,1.000,0.000,-0.070,-0.000,0.998),s="Running",v=Vector3.new(-1.116,-0.000,-15.961)},
        {t=1.532,cf=CFrame.new(12.090,2.971,-25.247,0.998,0.000,0.070,-0.000,1.000,0.000,-0.070,-0.000,0.998),s="Running",v=Vector3.new(-1.116,-0.000,-15.961)},
        {t=1.548,cf=CFrame.new(12.072,2.971,-25.513,0.998,0.000,0.070,-0.000,1.000,0.000,-0.070,-0.000,0.998),s="Running",v=Vector3.new(-1.116,-0.000,-15.961)},
        {t=1.564,cf=CFrame.new(12.053,2.971,-25.779,0.998,0.000,0.070,-0.000,1.000,0.000,-0.070,-0.000,0.998),s="Running",v=Vector3.new(-1.116,-0.000,-15.961)},
        {t=1.582,cf=CFrame.new(12.034,2.971,-26.045,0.998,-0.000,0.070,0.000,1.000,-0.000,-0.070,0.000,0.998),s="Running",v=Vector3.new(-1.116,-0.000,-15.961)},
        {t=1.599,cf=CFrame.new(12.016,2.971,-26.311,0.998,-0.000,0.070,0.000,1.000,-0.000,-0.070,0.000,0.998),s="Running",v=Vector3.new(-1.116,-0.000,-15.961)},
        {t=1.615,cf=CFrame.new(12.002,2.971,-26.510,0.998,-0.000,0.070,0.000,1.000,-0.000,-0.070,0.000,0.998),s="Running",v=Vector3.new(-1.116,-0.000,-15.961)},
        {t=1.632,cf=CFrame.new(11.983,2.971,-26.776,0.998,-0.000,0.070,0.000,1.000,-0.000,-0.070,0.000,0.998),s="Running",v=Vector3.new(-1.116,-0.000,-15.961)},
        {t=1.649,cf=CFrame.new(11.965,2.971,-27.042,0.998,-0.000,0.070,0.000,1.000,-0.000,-0.070,0.000,0.998),s="Running",v=Vector3.new(-1.116,-0.000,-15.961)},
        {t=1.666,cf=CFrame.new(11.946,2.971,-27.308,0.998,-0.000,0.068,0.000,1.000,-0.000,-0.068,0.000,0.998),s="Running",v=Vector3.new(-1.116,-0.000,-15.961)},
        {t=1.683,cf=CFrame.new(11.928,2.971,-27.574,0.998,-0.000,0.059,0.000,1.000,0.000,-0.059,-0.000,0.998),s="Running",v=Vector3.new(-1.082,-0.000,-15.963)},
        {t=1.699,cf=CFrame.new(11.912,2.971,-27.841,0.999,0.000,0.046,-0.000,1.000,0.000,-0.046,-0.000,0.999),s="Running",v=Vector3.new(-0.945,-0.000,-15.972)},
        {t=1.715,cf=CFrame.new(11.899,2.971,-28.107,1.000,0.000,0.028,-0.000,1.000,0.000,-0.028,-0.000,1.000),s="Running",v=Vector3.new(-0.737,-0.000,-15.983)},
        {t=1.732,cf=CFrame.new(11.889,2.971,-28.440,1.000,0.000,0.017,-0.000,1.000,0.000,-0.017,-0.000,1.000),s="Running",v=Vector3.new(-0.456,-0.000,-15.993)},
        {t=1.750,cf=CFrame.new(11.884,2.971,-28.707,1.000,0.000,0.011,-0.000,1.000,0.000,-0.011,-0.000,1.000),s="Running",v=Vector3.new(-0.283,-0.000,-15.997)},
        {t=1.765,cf=CFrame.new(11.882,2.971,-28.907,1.000,0.000,0.007,-0.000,1.000,0.000,-0.007,-0.000,1.000),s="Running",v=Vector3.new(-0.180,-0.000,-15.999)},
        {t=1.782,cf=CFrame.new(11.879,2.971,-29.240,1.000,0.000,0.007,-0.000,1.000,0.000,-0.007,-0.000,1.000),s="Running",v=Vector3.new(-0.105,-0.000,-16.000)},
        {t=1.798,cf=CFrame.new(11.877,2.971,-29.507,1.000,-0.000,0.007,0.000,1.000,-0.000,-0.007,0.000,1.000),s="Running",v=Vector3.new(-0.105,-0.000,-16.000)},
        {t=1.816,cf=CFrame.new(11.876,2.971,-29.773,1.000,-0.000,0.007,0.000,1.000,-0.000,-0.007,0.000,1.000),s="Running",v=Vector3.new(-0.105,-0.000,-16.000)},
        {t=1.832,cf=CFrame.new(11.874,2.971,-30.040,1.000,-0.000,0.002,0.000,1.000,-0.000,-0.002,0.000,1.000),s="Running",v=Vector3.new(-0.105,-0.000,-16.000)},
        {t=1.849,cf=CFrame.new(11.873,2.971,-30.307,1.000,-0.000,0.002,0.000,1.000,-0.000,-0.002,0.000,1.000),s="Running",v=Vector3.new(-0.036,-0.000,-16.000)},
        {t=1.865,cf=CFrame.new(11.873,2.971,-30.573,1.000,-0.000,0.002,0.000,1.000,-0.000,-0.002,0.000,1.000),s="Running",v=Vector3.new(-0.035,-0.000,-16.000)},
        {t=1.883,cf=CFrame.new(11.872,2.971,-30.840,1.000,-0.000,0.002,0.000,1.000,-0.000,-0.002,0.000,1.000),s="Running",v=Vector3.new(-0.035,-0.000,-16.000)},
        {t=1.901,cf=CFrame.new(11.871,3.837,-31.107,1.000,0.000,0.002,-0.000,1.000,0.000,-0.002,-0.000,1.000),s="Jumping",v=Vector3.new(-0.035,50.701,-16.000)},
        {t=1.917,cf=CFrame.new(11.871,4.450,-31.307,1.000,0.000,0.004,-0.000,1.000,0.000,-0.004,-0.000,1.000),s="Freefall",v=Vector3.new(-0.035,48.248,-16.000)},
        {t=1.932,cf=CFrame.new(11.870,5.220,-31.573,1.000,0.000,0.004,-0.000,1.000,0.000,-0.004,-0.000,1.000),s="Freefall",v=Vector3.new(-0.069,44.978,-16.000)},
        {t=1.949,cf=CFrame.new(11.869,5.936,-31.840,1.000,0.000,0.004,-0.000,1.000,0.000,-0.004,-0.000,1.000),s="Freefall",v=Vector3.new(-0.070,41.708,-16.000)},
        {t=1.966,cf=CFrame.new(11.868,6.597,-32.107,1.000,0.000,0.004,-0.000,1.000,0.000,-0.004,-0.000,1.000),s="Freefall",v=Vector3.new(-0.070,38.438,-16.000)},
        {t=1.981,cf=CFrame.new(11.866,7.203,-32.373,1.000,0.000,0.004,-0.000,1.000,0.000,-0.004,-0.000,1.000),s="Freefall",v=Vector3.new(-0.070,35.168,-16.000)},
        {t=1.999,cf=CFrame.new(11.865,7.755,-32.640,1.000,0.000,0.006,-0.000,1.000,0.000,-0.006,-0.000,1.000),s="Freefall",v=Vector3.new(-0.070,31.898,-16.000)},
        {t=2.015,cf=CFrame.new(11.864,8.253,-32.907,1.000,0.000,0.008,-0.000,1.000,0.000,-0.008,-0.000,1.000),s="Freefall",v=Vector3.new(-0.104,28.628,-16.000)},
        {t=2.032,cf=CFrame.new(11.861,8.696,-33.173,1.000,0.000,0.009,-0.000,1.000,0.000,-0.009,-0.000,1.000),s="Freefall",v=Vector3.new(-0.139,25.358,-15.999)},
        {t=2.050,cf=CFrame.new(11.858,9.173,-33.507,1.000,0.000,0.009,-0.000,1.000,-0.000,-0.009,0.000,1.000),s="Freefall",v=Vector3.new(-0.140,21.271,-15.999)},
        {t=2.065,cf=CFrame.new(11.857,9.419,-33.707,1.000,-0.000,0.009,0.000,1.000,-0.000,-0.009,0.000,1.000),s="Freefall",v=Vector3.new(-0.140,18.818,-15.999)},
        {t=2.081,cf=CFrame.new(11.854,9.698,-33.973,1.000,-0.000,0.011,0.000,1.000,-0.000,-0.011,0.000,1.000),s="Freefall",v=Vector3.new(-0.140,15.548,-15.999)},
        {t=2.100,cf=CFrame.new(11.851,9.971,-34.307,1.000,-0.000,0.011,0.000,1.000,-0.000,-0.011,0.000,1.000),s="Freefall",v=Vector3.new(-0.174,11.461,-15.999)},
        {t=2.116,cf=CFrame.new(11.848,10.128,-34.573,1.000,-0.000,0.011,0.000,1.000,-0.000,-0.011,0.000,1.000),s="Freefall",v=Vector3.new(-0.175,8.191,-15.999)},
        {t=2.132,cf=CFrame.new(11.845,10.231,-34.840,1.000,-0.000,0.011,0.000,1.000,-0.000,-0.011,0.000,1.000),s="Freefall",v=Vector3.new(-0.175,4.921,-15.999)},
        {t=2.150,cf=CFrame.new(11.842,10.278,-35.106,1.000,-0.000,0.011,0.000,1.000,-0.000,-0.011,0.000,1.000),s="Freefall",v=Vector3.new(-0.175,1.651,-15.999)},
        {t=2.166,cf=CFrame.new(11.839,10.272,-35.373,1.000,-0.000,0.011,0.000,1.000,-0.000,-0.011,0.000,1.000),s="Freefall",v=Vector3.new(-0.175,-1.619,-15.999)},
        {t=2.182,cf=CFrame.new(11.836,10.211,-35.640,1.000,-0.000,0.011,0.000,1.000,-0.000,-0.011,0.000,1.000),s="Freefall",v=Vector3.new(-0.175,-4.889,-15.999)},
        {t=2.200,cf=CFrame.new(11.833,10.095,-35.906,1.000,-0.000,0.011,0.000,1.000,0.000,-0.011,-0.000,1.000),s="Freefall",v=Vector3.new(-0.175,-8.159,-15.999)},
        {t=2.215,cf=CFrame.new(11.830,9.925,-36.173,1.000,0.000,0.011,-0.000,1.000,0.000,-0.011,-0.000,1.000),s="Freefall",v=Vector3.new(-0.175,-11.429,-15.999)},
        {t=2.233,cf=CFrame.new(11.828,9.701,-36.440,1.000,0.000,0.011,-0.000,1.000,0.000,-0.011,-0.000,1.000),s="Freefall",v=Vector3.new(-0.175,-14.699,-15.999)},
        {t=2.250,cf=CFrame.new(11.825,9.422,-36.706,1.000,0.000,0.011,-0.000,1.000,0.000,-0.011,-0.000,1.000),s="Freefall",v=Vector3.new(-0.175,-17.969,-15.999)},
        {t=2.266,cf=CFrame.new(11.822,9.088,-36.973,1.000,0.000,0.011,-0.000,1.000,0.000,-0.011,-0.000,1.000),s="Freefall",v=Vector3.new(-0.175,-21.239,-15.999)},
        {t=2.282,cf=CFrame.new(11.819,8.700,-37.240,1.000,0.000,0.011,-0.000,1.000,0.000,-0.011,-0.000,1.000),s="Freefall",v=Vector3.new(-0.175,-24.509,-15.999)},
        {t=2.299,cf=CFrame.new(11.816,8.258,-37.506,1.000,0.000,0.011,-0.000,1.000,0.000,-0.011,-0.000,1.000),s="Freefall",v=Vector3.new(-0.175,-27.779,-15.999)},
        {t=2.315,cf=CFrame.new(11.814,7.890,-37.706,1.000,0.000,0.011,-0.000,1.000,0.000,-0.011,-0.000,1.000),s="Freefall",v=Vector3.new(-0.175,-30.232,-15.999)},
        {t=2.332,cf=CFrame.new(11.811,7.352,-37.973,1.000,0.000,0.011,-0.000,1.000,0.000,-0.011,-0.000,1.000),s="Freefall",v=Vector3.new(-0.175,-33.502,-15.999)},
        {t=2.349,cf=CFrame.new(11.808,6.760,-38.240,1.000,0.000,0.011,-0.000,1.000,0.000,-0.011,-0.000,1.000),s="Freefall",v=Vector3.new(-0.175,-36.772,-15.999)},
        {t=2.365,cf=CFrame.new(11.805,6.113,-38.506,1.000,0.000,0.011,-0.000,1.000,0.000,-0.011,-0.000,1.000),s="Freefall",v=Vector3.new(-0.175,-40.042,-15.999)},
        {t=2.382,cf=CFrame.new(11.802,5.411,-38.773,1.000,-0.000,0.011,0.000,1.000,-0.000,-0.011,0.000,1.000),s="Freefall",v=Vector3.new(-0.175,-43.312,-15.999)},
        {t=2.400,cf=CFrame.new(11.798,4.458,-39.106,1.000,-0.000,0.011,0.000,1.000,-0.000,-0.011,0.000,1.000),s="Freefall",v=Vector3.new(-0.175,-47.399,-15.999)},
        {t=2.416,cf=CFrame.new(11.796,3.845,-39.306,1.000,-0.000,0.011,0.000,1.000,-0.000,-0.011,0.000,1.000),s="Freefall",v=Vector3.new(-0.175,-49.852,-15.999)},
        {t=2.433,cf=CFrame.new(11.793,2.755,-39.639,1.000,-0.000,0.011,0.000,1.000,-0.000,-0.011,0.000,1.000),s="Landed",v=Vector3.new(-0.175,-53.939,-15.999)},
        {t=2.449,cf=CFrame.new(11.790,2.615,-39.906,1.000,-0.000,0.011,0.000,1.000,-0.000,-0.011,0.000,1.000),s="Landed",v=Vector3.new(-0.175,4.152,-15.999)},
        {t=2.465,cf=CFrame.new(11.787,2.740,-40.173,1.000,-0.000,0.011,0.000,1.000,-0.000,-0.011,0.000,1.000),s="Running",v=Vector3.new(-0.175,7.561,-15.999)},
        {t=2.482,cf=CFrame.new(11.784,2.839,-40.439,1.000,0.000,0.011,-0.000,1.000,0.000,-0.011,-0.000,1.000),s="Running",v=Vector3.new(-0.175,4.955,-15.999)},
        {t=2.499,cf=CFrame.new(11.782,2.887,-40.639,1.000,0.000,0.011,-0.000,1.000,0.000,-0.011,-0.000,1.000),s="Running",v=Vector3.new(-0.175,3.272,-15.999)},
        {t=2.516,cf=CFrame.new(11.778,2.931,-40.973,1.000,0.000,0.011,-0.000,1.000,0.000,-0.011,-0.000,1.000),s="Running",v=Vector3.new(-0.175,1.562,-15.999)},
        {t=2.532,cf=CFrame.new(11.775,2.950,-41.239,1.000,0.000,0.011,-0.000,1.000,0.000,-0.011,-0.000,1.000),s="Running",v=Vector3.new(-0.175,0.854,-15.999)},
        {t=2.549,cf=CFrame.new(11.772,2.959,-41.506,1.000,0.000,0.011,-0.000,1.000,0.000,-0.011,-0.000,1.000),s="Running",v=Vector3.new(-0.175,0.466,-15.999)},
        {t=2.565,cf=CFrame.new(11.769,2.965,-41.773,1.000,0.000,0.011,-0.000,1.000,0.000,-0.011,-0.000,1.000),s="Running",v=Vector3.new(-0.175,0.254,-15.999)},
        {t=2.582,cf=CFrame.new(11.766,2.968,-42.039,1.000,0.000,0.011,-0.000,1.000,0.000,-0.011,-0.000,1.000),s="Running",v=Vector3.new(-0.175,0.138,-15.999)},
        {t=2.605,cf=CFrame.new(11.763,2.970,-42.373,1.000,-0.000,0.011,0.000,1.000,-0.000,-0.011,0.000,1.000),s="Running",v=Vector3.new(-0.175,0.065,-15.999)},
        {t=2.616,cf=CFrame.new(11.761,2.970,-42.573,1.000,-0.000,0.011,0.000,1.000,-0.000,-0.011,0.000,1.000),s="Running",v=Vector3.new(-0.175,0.041,-15.999)},
        {t=2.633,cf=CFrame.new(11.758,2.971,-42.839,1.000,-0.000,0.011,0.000,1.000,-0.000,-0.011,0.000,1.000),s="Running",v=Vector3.new(-0.175,0.022,-15.999)},
        {t=2.649,cf=CFrame.new(11.756,2.971,-43.039,1.000,-0.000,0.011,0.000,1.000,-0.000,-0.011,0.000,1.000),s="Running",v=Vector3.new(-0.175,0.014,-15.999)},
        {t=2.665,cf=CFrame.new(11.753,2.971,-43.306,1.000,-0.000,0.011,0.000,1.000,-0.000,-0.011,0.000,1.000),s="Running",v=Vector3.new(-0.175,0.008,-15.999)},
        {t=2.683,cf=CFrame.new(11.749,2.971,-43.639,1.000,-0.000,0.011,0.000,1.000,-0.000,-0.011,0.000,1.000),s="Running",v=Vector3.new(-0.175,0.004,-15.999)},
        {t=2.699,cf=CFrame.new(11.747,2.971,-43.839,1.000,-0.000,0.011,0.000,1.000,-0.000,-0.011,0.000,1.000),s="Running",v=Vector3.new(-0.175,0.002,-15.999)},
        {t=2.715,cf=CFrame.new(11.743,2.971,-44.172,1.000,0.000,0.011,-0.000,1.000,0.000,-0.011,-0.000,1.000),s="Running",v=Vector3.new(-0.175,0.001,-15.999)},
        {t=2.732,cf=CFrame.new(11.740,2.971,-44.439,1.000,0.000,0.011,-0.000,1.000,0.000,-0.011,-0.000,1.000),s="Running",v=Vector3.new(-0.175,0.001,-15.999)},
        {t=2.750,cf=CFrame.new(11.737,2.971,-44.706,1.000,0.000,0.011,-0.000,1.000,0.000,-0.011,-0.000,1.000),s="Running",v=Vector3.new(-0.175,0.000,-15.999)},
        {t=2.766,cf=CFrame.new(11.734,2.971,-44.972,1.000,0.000,0.011,-0.000,1.000,0.000,-0.011,-0.000,1.000),s="Running",v=Vector3.new(-0.175,0.000,-15.999)},
        {t=2.782,cf=CFrame.new(11.732,2.971,-45.239,1.000,0.000,0.011,-0.000,1.000,0.000,-0.011,-0.000,1.000),s="Running",v=Vector3.new(-0.175,0.000,-15.999)},
        {t=2.799,cf=CFrame.new(11.729,2.971,-45.506,1.000,0.000,0.011,-0.000,1.000,0.000,-0.011,-0.000,1.000),s="Running",v=Vector3.new(-0.175,0.000,-15.999)},
        {t=2.815,cf=CFrame.new(11.726,2.971,-45.706,1.000,-0.000,0.011,0.000,1.000,-0.000,-0.011,0.000,1.000),s="Running",v=Vector3.new(-0.175,0.000,-15.999)},
        {t=2.833,cf=CFrame.new(11.724,2.971,-45.972,1.000,-0.000,0.011,0.000,1.000,-0.000,-0.011,0.000,1.000),s="Running",v=Vector3.new(-0.175,0.000,-15.999)},
        {t=2.848,cf=CFrame.new(11.721,2.971,-46.239,1.000,-0.000,0.011,0.000,1.000,-0.000,-0.011,0.000,1.000),s="Running",v=Vector3.new(-0.175,0.000,-15.999)},
        {t=2.866,cf=CFrame.new(11.717,2.971,-46.572,1.000,-0.000,0.011,0.000,1.000,-0.000,-0.011,0.000,1.000),s="Running",v=Vector3.new(-0.175,0.000,-15.999)},
        {t=2.883,cf=CFrame.new(11.715,2.971,-46.772,1.000,-0.000,0.011,0.000,1.000,-0.000,-0.011,0.000,1.000),s="Running",v=Vector3.new(-0.175,0.000,-15.999)},
        {t=2.900,cf=CFrame.new(11.712,2.971,-47.039,1.000,-0.000,0.011,0.000,1.000,-0.000,-0.011,0.000,1.000),s="Running",v=Vector3.new(-0.175,0.000,-15.999)},
        {t=2.916,cf=CFrame.new(11.708,2.971,-47.372,1.000,0.000,0.011,-0.000,1.000,0.000,-0.011,-0.000,1.000),s="Running",v=Vector3.new(-0.175,0.000,-15.999)},
        {t=2.933,cf=CFrame.new(11.705,2.971,-47.639,1.000,0.000,0.011,-0.000,1.000,0.000,-0.011,-0.000,1.000),s="Running",v=Vector3.new(-0.175,0.000,-15.999)},
        {t=2.949,cf=CFrame.new(11.702,2.971,-47.906,1.000,0.000,0.011,-0.000,1.000,0.000,-0.011,-0.000,1.000),s="Running",v=Vector3.new(-0.175,0.000,-15.999)},
        {t=2.965,cf=CFrame.new(11.699,2.971,-48.172,1.000,0.000,0.011,-0.000,1.000,0.000,-0.011,-0.000,1.000),s="Running",v=Vector3.new(-0.175,0.000,-15.999)},
        {t=2.982,cf=CFrame.new(11.697,2.971,-48.439,1.000,0.000,0.011,-0.000,1.000,0.000,-0.011,-0.000,1.000),s="Running",v=Vector3.new(-0.175,0.000,-15.999)},
        {t=3.000,cf=CFrame.new(11.694,2.971,-48.705,1.000,0.000,0.011,-0.000,1.000,0.000,-0.011,-0.000,1.000),s="Running",v=Vector3.new(-0.175,0.000,-15.999)},
        {t=3.016,cf=CFrame.new(11.691,2.971,-48.972,1.000,0.000,0.011,-0.000,1.000,0.000,-0.011,-0.000,1.000),s="Running",v=Vector3.new(-0.175,0.000,-15.999)},
        {t=3.033,cf=CFrame.new(11.689,2.971,-49.172,1.000,-0.000,0.011,0.000,1.000,-0.000,-0.011,0.000,1.000),s="Running",v=Vector3.new(-0.175,0.000,-15.999)},
        {t=3.049,cf=CFrame.new(11.686,2.971,-49.439,1.000,-0.000,0.011,0.000,1.000,-0.000,-0.011,0.000,1.000),s="Running",v=Vector3.new(-0.175,0.000,-15.999)},
        {t=3.066,cf=CFrame.new(11.683,2.971,-49.705,1.000,-0.000,0.011,0.000,1.000,-0.000,-0.011,0.000,1.000),s="Running",v=Vector3.new(-0.175,0.000,-15.999)},
        {t=3.083,cf=CFrame.new(11.679,2.971,-50.039,1.000,-0.000,0.011,0.000,1.000,-0.000,-0.011,0.000,1.000),s="Running",v=Vector3.new(-0.175,0.000,-15.999)},
        {t=3.099,cf=CFrame.new(11.677,2.971,-50.239,1.000,-0.000,0.011,0.000,1.000,-0.000,-0.011,0.000,1.000),s="Running",v=Vector3.new(-0.175,0.000,-15.999)},
        {t=3.116,cf=CFrame.new(11.673,4.045,-50.572,1.000,-0.000,0.011,0.000,1.000,-0.000,-0.011,0.000,1.000),s="Jumping",v=Vector3.new(-0.175,49.883,-15.999)},
        {t=3.134,cf=CFrame.new(11.670,4.842,-50.839,1.000,0.000,0.009,-0.000,1.000,0.000,-0.009,-0.000,1.000),s="Freefall",v=Vector3.new(-0.175,46.613,-15.999)},
        {t=3.149,cf=CFrame.new(11.668,5.585,-51.105,1.000,0.000,0.009,-0.000,1.000,0.000,-0.009,-0.000,1.000),s="Freefall",v=Vector3.new(-0.140,43.343,-15.999)},
        {t=3.165,cf=CFrame.new(11.666,6.106,-51.305,1.000,0.000,0.009,-0.000,1.000,0.000,-0.009,-0.000,1.000),s="Freefall",v=Vector3.new(-0.140,40.891,-15.999)},
        {t=3.182,cf=CFrame.new(11.664,6.753,-51.572,1.000,0.000,0.007,-0.000,1.000,0.000,-0.007,-0.000,1.000),s="Freefall",v=Vector3.new(-0.140,37.621,-15.999)},
        {t=3.199,cf=CFrame.new(11.662,7.486,-51.905,1.000,0.000,0.003,-0.000,1.000,0.000,-0.003,-0.000,1.000),s="Freefall",v=Vector3.new(-0.105,33.533,-16.000)},
        {t=3.215,cf=CFrame.new(11.661,8.011,-52.172,1.000,0.000,0.002,-0.000,1.000,0.000,-0.002,-0.000,1.000),s="Freefall",v=Vector3.new(-0.036,30.263,-16.000)},
        {t=3.232,cf=CFrame.new(11.660,8.481,-52.439,1.000,0.000,0.002,-0.000,1.000,0.000,-0.002,-0.000,1.000),s="Freefall",v=Vector3.new(-0.035,26.993,-16.000)},
        {t=3.249,cf=CFrame.new(11.660,8.897,-52.705,1.000,0.000,0.002,-0.000,1.000,0.000,-0.002,-0.000,1.000),s="Freefall",v=Vector3.new(-0.035,23.723,-16.000)},
        {t=3.265,cf=CFrame.new(11.659,9.258,-52.972,1.000,0.000,0.002,-0.000,1.000,0.000,-0.002,-0.000,1.000),s="Freefall",v=Vector3.new(-0.035,20.453,-16.000)},
        {t=3.282,cf=CFrame.new(11.659,9.565,-53.239,1.000,0.000,0.002,-0.000,1.000,-0.000,-0.002,0.000,1.000),s="Freefall",v=Vector3.new(-0.035,17.183,-16.000)},
        {t=3.299,cf=CFrame.new(11.658,9.818,-53.505,1.000,-0.000,0.002,0.000,1.000,-0.000,-0.002,0.000,1.000),s="Freefall",v=Vector3.new(-0.035,13.913,-16.000)},
        {t=3.316,cf=CFrame.new(11.658,9.971,-53.705,1.000,-0.000,0.002,0.000,1.000,-0.000,-0.002,0.000,1.000),s="Freefall",v=Vector3.new(-0.035,11.461,-16.000)},
        {t=3.333,cf=CFrame.new(11.657,10.159,-54.039,1.000,-0.000,0.002,0.000,1.000,-0.000,-0.002,0.000,1.000),s="Freefall",v=Vector3.new(-0.035,7.373,-16.000)},
        {t=3.348,cf=CFrame.new(11.656,10.231,-54.239,1.000,-0.000,0.002,0.000,1.000,-0.000,-0.002,0.000,1.000),s="Freefall",v=Vector3.new(-0.035,4.921,-16.000)},
        {t=3.366,cf=CFrame.new(11.656,10.282,-54.572,1.000,-0.000,0.002,0.000,1.000,-0.000,-0.002,0.000,1.000),s="Freefall",v=Vector3.new(-0.035,0.833,-16.000)},
        {t=3.383,cf=CFrame.new(11.655,10.262,-54.839,1.000,-0.000,0.002,0.000,1.000,-0.000,-0.002,0.000,1.000),s="Freefall",v=Vector3.new(-0.035,-2.437,-16.000)},
        {t=3.399,cf=CFrame.new(11.655,10.211,-55.039,1.000,-0.000,0.002,0.000,1.000,-0.000,-0.002,0.000,1.000),s="Freefall",v=Vector3.new(-0.035,-4.889,-16.000)},
        {t=3.416,cf=CFrame.new(11.654,10.095,-55.305,1.000,-0.000,0.002,0.000,1.000,-0.000,-0.002,0.000,1.000),s="Freefall",v=Vector3.new(-0.035,-8.159,-16.000)},
        {t=3.433,cf=CFrame.new(11.653,9.925,-55.572,1.000,-0.000,0.002,0.000,1.000,-0.000,-0.002,0.000,1.000),s="Freefall",v=Vector3.new(-0.035,-11.429,-16.000)},
        {t=3.449,cf=CFrame.new(11.653,9.636,-55.905,1.000,0.000,0.002,-0.000,1.000,0.000,-0.002,-0.000,1.000),s="Freefall",v=Vector3.new(-0.035,-15.517,-16.000)},
        {t=3.465,cf=CFrame.new(11.652,9.422,-56.105,1.000,0.000,0.002,-0.000,1.000,0.000,-0.002,-0.000,1.000),s="Freefall",v=Vector3.new(-0.035,-17.969,-16.000)},
        {t=3.482,cf=CFrame.new(11.652,9.088,-56.372,1.000,0.000,0.002,-0.000,1.000,0.000,-0.002,-0.000,1.000),s="Freefall",v=Vector3.new(-0.035,-21.239,-16.000)},
        {t=3.499,cf=CFrame.new(11.651,8.700,-56.639,1.000,0.000,0.002,-0.000,1.000,0.000,-0.002,-0.000,1.000),s="Freefall",v=Vector3.new(-0.035,-24.509,-16.000)},
        {t=3.516,cf=CFrame.new(11.650,8.138,-56.972,1.000,0.000,0.002,-0.000,1.000,0.000,-0.002,-0.000,1.000),s="Freefall",v=Vector3.new(-0.035,-28.597,-16.000)},
        {t=3.532,cf=CFrame.new(11.650,7.760,-57.172,1.000,0.000,0.002,-0.000,1.000,0.000,-0.002,-0.000,1.000),s="Freefall",v=Vector3.new(-0.035,-31.049,-16.000)},
        {t=3.549,cf=CFrame.new(11.649,7.063,-57.505,1.000,0.000,0.002,-0.000,1.000,0.000,-0.002,-0.000,1.000),s="Freefall",v=Vector3.new(-0.035,-35.137,-16.000)},
        {t=3.565,cf=CFrame.new(11.649,6.443,-57.772,1.000,0.000,0.002,-0.000,1.000,0.000,-0.002,-0.000,1.000),s="Freefall",v=Vector3.new(-0.035,-38.407,-16.000)},
        {t=3.582,cf=CFrame.new(11.648,5.769,-58.039,1.000,0.000,0.002,-0.000,1.000,0.000,-0.002,-0.000,1.000),s="Freefall",v=Vector3.new(-0.035,-41.677,-16.000)},
        {t=3.598,cf=CFrame.new(11.648,5.227,-58.239,1.000,0.000,0.002,-0.000,1.000,0.000,-0.002,-0.000,1.000),s="Freefall",v=Vector3.new(-0.035,-44.129,-16.000)},
        {t=3.616,cf=CFrame.new(11.647,4.458,-58.505,1.000,-0.000,0.002,0.000,1.000,-0.000,-0.002,0.000,1.000),s="Freefall",v=Vector3.new(-0.035,-47.399,-16.000)},
        {t=3.633,cf=CFrame.new(11.646,3.634,-58.772,1.000,-0.000,0.002,0.000,1.000,-0.000,-0.002,0.000,1.000),s="Freefall",v=Vector3.new(-0.035,-50.669,-16.000)},
        {t=3.649,cf=CFrame.new(11.646,2.755,-59.039,1.000,-0.000,0.002,0.000,1.000,-0.000,-0.002,0.000,1.000),s="Landed",v=Vector3.new(-0.035,-53.939,-16.000)},
        {t=3.666,cf=CFrame.new(11.645,2.615,-59.305,1.000,-0.000,0.002,0.000,1.000,-0.000,-0.002,0.000,1.000),s="Landed",v=Vector3.new(-0.035,4.152,-16.000)},
        {t=3.683,cf=CFrame.new(11.645,2.769,-59.639,1.000,-0.000,0.002,0.000,1.000,-0.000,-0.002,0.000,1.000),s="Running",v=Vector3.new(-0.035,6.990,-16.000)},
        {t=3.700,cf=CFrame.new(11.644,3.423,-59.839,1.000,-0.000,0.002,0.000,1.000,-0.000,-0.002,0.000,1.000),s="Jumping",v=Vector3.new(-0.035,51.518,-16.000)},
        {t=3.715,cf=CFrame.new(11.644,4.248,-60.105,1.000,-0.000,0.002,0.000,1.000,-0.000,-0.002,0.000,1.000),s="Freefall",v=Vector3.new(-0.035,48.248,-16.000)},
        {t=3.732,cf=CFrame.new(11.643,5.202,-60.439,1.000,0.000,0.002,-0.000,1.000,0.000,-0.002,-0.000,1.000),s="Freefall",v=Vector3.new(-0.035,44.161,-16.000)},
        {t=3.749,cf=CFrame.new(11.642,5.904,-60.705,1.000,0.000,0.002,-0.000,1.000,0.000,-0.002,-0.000,1.000),s="Freefall",v=Vector3.new(-0.035,40.891,-16.000)},
        {t=3.766,cf=CFrame.new(11.642,6.551,-60.972,1.000,0.000,0.002,-0.000,1.000,0.000,-0.002,-0.000,1.000),s="Freefall",v=Vector3.new(-0.035,37.621,-16.000)},
        {t=3.782,cf=CFrame.new(11.641,7.144,-61.239,1.000,0.000,0.002,-0.000,1.000,0.000,-0.002,-0.000,1.000),s="Freefall",v=Vector3.new(-0.035,34.351,-16.000)},
        {t=3.799,cf=CFrame.new(11.640,7.682,-61.505,1.000,0.000,0.002,-0.000,1.000,0.000,-0.002,-0.000,1.000),s="Freefall",v=Vector3.new(-0.035,31.081,-16.000)},
        {t=3.815,cf=CFrame.new(11.640,8.051,-61.705,1.000,0.000,0.002,-0.000,1.000,0.000,-0.002,-0.000,1.000),s="Freefall",v=Vector3.new(-0.035,28.628,-16.000)},
        {t=3.832,cf=CFrame.new(11.639,8.494,-61.972,1.000,0.000,0.002,-0.000,1.000,0.000,-0.002,-0.000,1.000),s="Freefall",v=Vector3.new(-0.035,25.358,-16.000)},
        {t=3.850,cf=CFrame.new(11.639,8.882,-62.238,1.000,0.000,0.000,-0.000,1.000,0.000,-0.000,-0.000,1.000),s="Freefall",v=Vector3.new(-0.035,22.088,-16.000)},
        {t=3.865,cf=CFrame.new(11.639,9.216,-62.505,1.000,0.000,0.000,-0.000,1.000,0.000,-0.000,-0.000,1.000),s="Freefall",v=Vector3.new(-0.001,18.818,-16.000)},
        {t=3.882,cf=CFrame.new(11.639,9.496,-62.772,1.000,0.000,0.000,-0.000,1.000,-0.000,-0.000,0.000,1.000),s="Freefall",v=Vector3.new(-0.000,15.548,-16.000)},
        {t=3.898,cf=CFrame.new(11.639,9.721,-63.038,1.000,-0.000,0.000,0.000,1.000,-0.000,-0.000,0.000,1.000),s="Freefall",v=Vector3.new(-0.000,12.278,-16.000)},
        {t=3.916,cf=CFrame.new(11.639,9.926,-63.372,1.000,-0.000,0.000,0.000,1.000,-0.000,-0.000,0.000,1.000),s="Freefall",v=Vector3.new(-0.000,8.191,-16.000)},
        {t=3.932,cf=CFrame.new(11.639,10.008,-63.572,1.000,-0.000,0.000,0.000,1.000,-0.000,-0.000,0.000,1.000),s="Freefall",v=Vector3.new(-0.000,5.738,-16.000)},
        {t=3.949,cf=CFrame.new(11.639,10.076,-63.905,1.000,-0.000,0.000,0.000,1.000,-0.000,-0.000,0.000,1.000),s="Freefall",v=Vector3.new(-0.000,1.651,-16.000)},
        {t=3.966,cf=CFrame.new(11.639,10.069,-64.172,1.000,-0.000,0.000,0.000,1.000,-0.000,-0.000,0.000,1.000),s="Freefall",v=Vector3.new(-0.000,-1.619,-16.000)},
        {t=3.982,cf=CFrame.new(11.639,10.008,-64.438,1.000,-0.000,0.000,0.000,1.000,-0.000,-0.000,0.000,1.000),s="Freefall",v=Vector3.new(-0.000,-4.889,-16.000)},
        {t=3.999,cf=CFrame.new(11.639,9.893,-64.705,1.000,-0.000,0.000,0.000,1.000,-0.000,-0.000,0.000,1.000),s="Freefall",v=Vector3.new(-0.000,-8.159,-16.000)},
        {t=4.015,cf=CFrame.new(11.639,9.770,-64.905,1.000,-0.000,0.000,0.000,1.000,-0.000,-0.000,0.000,1.000),s="Freefall",v=Vector3.new(-0.000,-10.612,-16.000)},
        {t=4.031,cf=CFrame.new(11.639,9.560,-65.172,1.000,-0.000,0.000,0.000,1.000,0.000,-0.000,-0.000,1.000),s="Freefall",v=Vector3.new(-0.000,-13.882,-16.000)},
        {t=4.049,cf=CFrame.new(11.639,9.219,-65.505,1.000,0.000,0.000,-0.000,1.000,0.000,-0.000,-0.000,1.000),s="Freefall",v=Vector3.new(-0.000,-17.969,-16.000)},
        {t=4.066,cf=CFrame.new(11.639,8.886,-65.772,1.000,0.000,0.000,-0.000,1.000,0.000,-0.000,-0.000,1.000),s="Freefall",v=Vector3.new(-0.000,-21.239,-16.000)},
        {t=4.082,cf=CFrame.new(11.639,8.600,-65.972,1.000,0.000,0.000,-0.000,1.000,0.000,-0.000,-0.000,1.000),s="Freefall",v=Vector3.new(-0.000,-23.692,-16.000)},
        {t=4.099,cf=CFrame.new(11.639,8.171,-66.238,1.000,0.000,0.000,-0.000,1.000,0.000,-0.000,-0.000,1.000),s="Freefall",v=Vector3.new(-0.000,-26.962,-16.000)},
        {t=4.114,cf=CFrame.new(11.639,7.687,-66.505,1.000,0.000,0.000,-0.000,1.000,0.000,-0.000,-0.000,1.000),s="Freefall",v=Vector3.new(-0.000,-30.232,-16.000)},
