return {
    hipHeight = -642.954791307449341,
    frames = {
        {t=0.033,cf=CFrame.new(718.966,223.488,-1029.620,0.070,0.000,-0.998,0.000,1.000,0.000,0.998,0.000,0.070),s="Running",v=Vector3.new(0.000,0.000,0.000)},
        {t=0.067,cf=CFrame.new(718.966,223.488,-1029.620,0.070,0.000,-0.998,0.000,1.000,0.000,0.998,0.000,0.070),s="Running",v=Vector3.new(0.000,0.000,0.000)},
        {t=0.100,cf=CFrame.new(718.965,223.488,-1029.620,0.999,-0.000,0.044,0.000,1.000,-0.000,-0.044,0.000,0.999),s="Running",v=Vector3.new(0.000,0.000,0.000)},
        {t=0.133,cf=CFrame.new(718.966,223.488,-1029.620,1.000,-0.000,-0.024,0.000,1.000,0.000,0.024,-0.000,1.000),s="Running",v=Vector3.new(0.000,0.000,0.000)},
        {t=0.167,cf=CFrame.new(718.966,223.488,-1029.620,1.000,0.000,-0.028,-0.000,1.000,-0.000,0.028,0.000,1.000),s="Running",v=Vector3.new(0.000,0.000,0.000)},
        {t=0.200,cf=CFrame.new(718.966,223.488,-1029.620,0.997,-0.000,-0.072,0.000,1.000,0.000,0.072,-0.000,0.997),s="Running",v=Vector3.new(0.000,0.000,0.000)},
        {t=0.233,cf=CFrame.new(719.009,223.488,-1030.164,0.995,-0.000,-0.102,0.000,1.000,-0.000,0.102,0.000,0.995),s="Running",v=Vector3.new(0.000,0.000,0.000)},
        {t=0.267,cf=CFrame.new(719.235,223.690,-1032.244,0.980,-0.003,-0.199,0.029,0.991,0.127,0.197,-0.130,0.972),s="Running",v=Vector3.new(0.000,0.000,0.000)},
        {t=0.300,cf=CFrame.new(719.512,223.496,-1034.576,0.993,-0.000,-0.121,0.001,1.000,0.003,0.121,-0.003,0.993),s="Running",v=Vector3.new(0.000,0.000,0.000)},
        {t=0.333,cf=CFrame.new(719.700,223.456,-1036.171,0.993,0.000,-0.118,-0.000,1.000,-0.002,0.118,0.002,0.993),s="Running",v=Vector3.new(0.000,0.000,0.000)},
        {t=0.367,cf=CFrame.new(719.887,223.516,-1037.748,0.993,0.002,-0.115,-0.001,1.000,0.014,0.115,-0.014,0.993),s="Running",v=Vector3.new(0.000,0.000,0.000)},
        {t=0.400,cf=CFrame.new(720.168,223.479,-1040.124,0.993,-0.000,-0.117,0.000,1.000,-0.001,0.117,0.001,0.993),s="Running",v=Vector3.new(0.000,0.000,0.000)},
        {t=0.433,cf=CFrame.new(720.450,223.486,-1042.508,0.993,0.000,-0.118,-0.000,1.000,0.000,0.118,-0.000,0.993),s="Running",v=Vector3.new(0.000,0.000,0.000)},
        {t=0.467,cf=CFrame.new(720.732,223.487,-1044.891,0.993,-0.000,-0.118,0.000,1.000,-0.000,0.118,0.000,0.993),s="Running",v=Vector3.new(0.000,0.000,0.000)},
        {t=0.500,cf=CFrame.new(721.006,223.475,-1047.255,0.994,0.000,-0.107,0.000,1.000,0.000,0.107,-0.000,0.994),s="Running",v=Vector3.new(0.000,0.000,0.000)},
        {t=0.533,cf=CFrame.new(721.245,223.485,-1049.645,0.997,0.000,-0.078,-0.000,1.000,0.000,0.078,-0.000,0.997),s="Running",v=Vector3.new(0.000,0.000,0.000)},
        {t=0.567,cf=CFrame.new(721.365,223.487,-1051.241,0.998,0.000,-0.068,0.000,1.000,0.000,0.068,-0.000,0.998),s="Running",v=Vector3.new(0.000,0.000,0.000)},
        {t=0.600,cf=CFrame.new(721.534,223.487,-1053.635,0.997,0.000,-0.072,-0.000,1.000,-0.000,0.072,0.000,0.997),s="Running",v=Vector3.new(0.000,0.000,0.000)},
        {t=0.633,cf=CFrame.new(721.704,223.487,-1056.001,0.998,0.006,-0.060,-0.003,0.998,0.056,0.060,-0.056,0.997),s="Running",v=Vector3.new(0.000,0.000,0.000)},
        {t=0.667,cf=CFrame.new(721.819,223.482,-1057.590,0.997,-0.000,-0.072,0.000,1.000,-0.001,0.072,0.001,0.997),s="Running",v=Vector3.new(0.000,0.000,0.000)},
        {t=0.700,cf=CFrame.new(721.990,223.486,-1059.986,0.998,0.000,-0.059,-0.000,1.000,0.000,0.059,-0.000,0.998),s="Running",v=Vector3.new(0.000,0.000,0.000)},
        {t=0.733,cf=CFrame.new(722.081,223.452,-1061.583,0.999,0.000,-0.046,-0.000,1.000,0.000,0.046,-0.000,0.999),s="Running",v=Vector3.new(0.000,0.000,0.000)},
        {t=0.767,cf=CFrame.new(722.171,223.435,-1063.968,1.000,0.000,-0.025,0.000,1.000,0.011,0.025,-0.011,1.000),s="Running",v=Vector3.new(0.000,0.000,0.000)},
        {t=0.800,cf=CFrame.new(722.222,223.095,-1066.355,1.000,-0.001,-0.022,0.003,0.993,0.114,0.022,-0.114,0.993),s="Running",v=Vector3.new(0.000,0.000,0.000)},
        {t=0.833,cf=CFrame.new(722.247,222.283,-1068.723,1.000,0.000,-0.007,-0.000,1.000,-0.007,0.007,0.007,1.000),s="Running",v=Vector3.new(0.000,0.000,0.000)},
        {t=0.867,cf=CFrame.new(722.255,221.458,-1070.324,1.000,0.000,0.002,-0.000,1.000,0.000,-0.002,-0.000,1.000),s="Running",v=Vector3.new(0.000,0.000,0.000)},
        {t=0.900,cf=CFrame.new(722.244,220.375,-1072.724,1.000,0.005,0.011,-0.006,0.998,0.063,-0.011,-0.063,0.998),s="Running",v=Vector3.new(0.000,0.000,0.000)},
        {t=0.933,cf=CFrame.new(722.218,220.369,-1075.107,1.000,-0.000,0.016,-0.000,1.000,0.002,-0.016,-0.002,1.000),s="Running",v=Vector3.new(0.000,0.000,0.000)},
        {t=0.967,cf=CFrame.new(722.193,220.370,-1076.709,1.000,-0.000,0.017,0.000,1.000,-0.001,-0.017,0.001,1.000),s="Running",v=Vector3.new(0.000,0.000,0.000)},
        {t=1.000,cf=CFrame.new(722.151,220.371,-1079.108,1.000,0.000,0.017,-0.000,1.000,0.000,-0.017,-0.000,1.000),s="Running",v=Vector3.new(0.000,0.000,0.000)},
        {t=1.033,cf=CFrame.new(722.110,220.374,-1081.486,1.000,-0.001,0.016,0.000,1.000,0.018,-0.016,-0.018,1.000),s="Running",v=Vector3.new(0.000,0.000,0.000)},
        {t=1.067,cf=CFrame.new(722.068,220.361,-1083.889,1.000,0.000,0.017,-0.000,1.000,-0.001,-0.017,0.001,1.000),s="Running",v=Vector3.new(0.000,0.000,0.000)},
        {t=1.100,cf=CFrame.new(722.040,220.368,-1085.489,1.000,-0.000,0.017,0.000,1.000,0.000,-0.017,-0.000,1.000),s="Running",v=Vector3.new(0.000,0.000,0.000)},
        {t=1.133,cf=CFrame.new(721.990,220.371,-1087.888,1.000,0.000,0.028,-0.000,1.000,-0.000,-0.028,0.000,1.000),s="Running",v=Vector3.new(0.000,0.000,0.000)},
        {t=1.167,cf=CFrame.new(721.923,220.383,-1090.275,1.000,-0.000,0.031,-0.000,1.000,0.011,-0.031,-0.011,0.999),s="Running",v=Vector3.new(0.000,0.000,0.000)},
        {t=1.200,cf=CFrame.new(721.875,221.253,-1091.832,0.999,0.001,0.039,-0.004,0.998,0.063,-0.039,-0.063,0.997),s="Running",v=Vector3.new(0.000,0.000,0.000)},
        {t=1.233,cf=CFrame.new(721.803,223.903,-1094.151,0.999,0.003,0.039,-0.006,0.997,0.082,-0.038,-0.083,0.996),s="Running",v=Vector3.new(0.000,0.000,0.000)},
        {t=1.267,cf=CFrame.new(721.729,226.437,-1096.491,1.000,0.001,0.031,-0.001,1.000,0.011,-0.031,-0.011,0.999),s="Running",v=Vector3.new(0.000,0.000,0.000)},
        {t=1.300,cf=CFrame.new(721.680,227.864,-1098.087,1.000,-0.000,0.031,0.000,1.000,-0.001,-0.031,0.001,1.000),s="Running",v=Vector3.new(0.000,0.000,0.000)},
        {t=1.333,cf=CFrame.new(721.625,229.209,-1099.886,1.000,-0.000,0.031,0.000,1.000,-0.000,-0.031,0.000,1.000),s="Running",v=Vector3.new(0.000,0.000,0.000)},
        {t=1.367,cf=CFrame.new(721.557,230.478,-1102.086,1.000,0.000,0.031,-0.000,1.000,0.000,-0.031,-0.000,1.000),s="Running",v=Vector3.new(0.000,0.000,0.000)},
        {t=1.400,cf=CFrame.new(721.484,231.393,-1104.485,1.000,-0.000,0.031,0.000,1.000,-0.000,-0.031,0.000,1.000),s="Running",v=Vector3.new(0.000,0.000,0.000)},
        {t=1.433,cf=CFrame.new(721.411,231.817,-1106.885,1.000,-0.000,0.031,-0.000,1.000,0.000,-0.031,-0.000,1.000),s="Running",v=Vector3.new(0.000,0.000,0.000)},
        {t=1.467,cf=CFrame.new(721.362,231.827,-1108.484,1.000,0.000,0.031,-0.000,1.000,0.000,-0.031,-0.000,1.000),s="Running",v=Vector3.new(0.000,0.000,0.000)},
        {t=1.500,cf=CFrame.new(721.289,231.433,-1110.884,1.000,0.000,0.031,-0.000,1.000,0.000,-0.031,-0.000,1.000),s="Running",v=Vector3.new(0.000,0.000,0.000)},
        {t=1.533,cf=CFrame.new(721.216,230.549,-1113.283,1.000,0.000,0.031,-0.000,1.000,-0.000,-0.031,0.000,1.000),s="Running",v=Vector3.new(0.000,0.000,0.000)},
        {t=1.567,cf=CFrame.new(721.170,230.083,-1114.813,1.000,0.000,0.024,0.000,1.000,-0.000,-0.024,0.000,1.000),s="Running",v=Vector3.new(0.000,0.000,0.000)},
        {t=1.600,cf=CFrame.new(721.124,230.945,-1116.960,1.000,-0.000,0.009,0.000,1.000,-0.000,-0.009,0.000,1.000),s="Running",v=Vector3.new(0.000,0.000,0.000)},
        {t=1.633,cf=CFrame.new(721.100,233.206,-1119.281,1.000,-0.000,0.002,0.000,1.000,0.000,-0.002,-0.000,1.000),s="Running",v=Vector3.new(0.000,0.000,0.000)},
        {t=1.667,cf=CFrame.new(721.098,234.442,-1120.880,1.000,-0.000,-0.004,0.000,1.000,0.000,0.004,-0.000,1.000),s="Running",v=Vector3.new(0.000,0.000,0.000)},
        {t=1.700,cf=CFrame.new(721.108,235.886,-1123.280,1.000,-0.000,-0.006,0.000,1.000,0.000,0.006,-0.000,1.000),s="Running",v=Vector3.new(0.000,0.000,0.000)},
        {t=1.733,cf=CFrame.new(721.120,236.715,-1125.279,1.000,-0.000,-0.007,0.000,1.000,0.000,0.007,-0.000,1.000),s="Running",v=Vector3.new(0.000,0.000,0.000)},
        {t=1.767,cf=CFrame.new(721.140,237.203,-1127.279,1.000,0.000,-0.011,-0.000,1.000,-0.000,0.011,0.000,1.000),s="Running",v=Vector3.new(0.000,0.000,0.000)},
        {t=1.800,cf=CFrame.new(721.166,237.339,-1129.678,1.000,0.000,-0.011,-0.000,1.000,-0.000,0.011,0.000,1.000),s="Running",v=Vector3.new(0.000,0.000,0.000)},
        {t=1.833,cf=CFrame.new(721.190,237.335,-1131.840,1.000,0.000,-0.011,-0.000,1.000,-0.000,0.011,0.000,1.000),s="Running",v=Vector3.new(0.000,0.000,0.000)},
        {t=1.867,cf=CFrame.new(721.206,239.006,-1133.297,1.000,0.000,-0.013,-0.000,1.000,-0.000,0.013,0.000,1.000),s="Running",v=Vector3.new(0.000,0.000,0.000)},
        {t=1.900,cf=CFrame.new(721.238,241.104,-1135.677,1.000,-0.000,-0.017,0.000,1.000,0.000,0.017,-0.000,1.000),s="Running",v=Vector3.new(0.000,0.000,0.000)},
        {t=1.933,cf=CFrame.new(721.281,242.712,-1138.076,1.000,-0.000,-0.020,0.000,1.000,0.000,0.020,-0.000,1.000),s="Running",v=Vector3.new(0.000,0.000,0.000)},
        {t=1.967,cf=CFrame.new(721.326,243.829,-1140.476,1.000,-0.000,-0.014,0.000,1.000,0.000,0.014,-0.000,1.000),s="Running",v=Vector3.new(0.000,0.000,0.000)},
        {t=2.000,cf=CFrame.new(721.348,244.301,-1142.075,1.000,-0.000,-0.013,0.000,1.000,0.000,0.013,-0.000,1.000),s="Running",v=Vector3.new(0.000,0.000,0.000)},
        {t=2.033,cf=CFrame.new(721.379,244.601,-1144.475,1.000,-0.000,-0.013,0.000,1.000,0.000,0.013,-0.000,1.000),s="Running",v=Vector3.new(0.000,0.000,0.000)},
        {t=2.067,cf=CFrame.new(721.409,244.587,-1146.720,1.000,-0.000,-0.013,0.000,1.000,0.000,0.013,-0.000,1.000),s="Running",v=Vector3.new(0.000,0.000,0.000)},
        {t=2.100,cf=CFrame.new(721.427,245.527,-1148.152,1.000,0.000,-0.013,-0.000,1.000,-0.000,0.013,0.000,1.000),s="Running",v=Vector3.new(0.000,0.000,0.000)},
        {t=2.133,cf=CFrame.new(721.458,247.789,-1150.472,1.000,0.000,-0.005,-0.000,1.000,-0.000,0.005,0.000,1.000),s="Running",v=Vector3.new(0.000,0.000,0.000)},
        {t=2.167,cf=CFrame.new(721.450,249.560,-1152.872,1.000,0.000,0.011,0.000,1.000,-0.000,-0.011,0.000,1.000),s="Running",v=Vector3.new(0.000,0.000,0.000)},
        {t=2.200,cf=CFrame.new(721.432,250.468,-1154.471,1.000,-0.000,0.011,0.000,1.000,-0.000,-0.011,0.000,1.000),s="Running",v=Vector3.new(0.000,0.000,0.000)},
        {t=2.233,cf=CFrame.new(721.406,251.422,-1156.871,1.000,-0.000,0.011,0.000,1.000,-0.000,-0.011,0.000,1.000),s="Running",v=Vector3.new(0.000,0.000,0.000)},
        {t=2.267,cf=CFrame.new(721.380,251.885,-1159.270,1.000,-0.000,0.011,0.000,1.000,-0.000,-0.011,0.000,1.000),s="Running",v=Vector3.new(0.000,0.000,0.000)},
        {t=2.300,cf=CFrame.new(721.362,251.921,-1160.870,1.000,-0.000,0.011,0.000,1.000,-0.000,-0.011,0.000,1.000),s="Running",v=Vector3.new(0.000,0.000,0.000)},
        {t=2.333,cf=CFrame.new(721.339,252.222,-1163.032,1.000,-0.000,0.011,0.000,1.000,-0.000,-0.011,0.000,1.000),s="Running",v=Vector3.new(0.000,0.000,0.000)},
        {t=2.367,cf=CFrame.new(721.314,254.647,-1165.270,1.000,-0.000,0.011,0.000,1.000,-0.000,-0.011,0.000,1.000),s="Running",v=Vector3.new(0.000,0.000,0.000)},
        {t=2.400,cf=CFrame.new(721.297,255.992,-1166.869,1.000,-0.000,0.011,0.000,1.000,-0.000,-0.011,0.000,1.000),s="Running",v=Vector3.new(0.000,0.000,0.000)},
        {t=2.433,cf=CFrame.new(721.270,257.599,-1169.268,1.000,-0.000,0.011,0.000,1.000,0.000,-0.011,-0.000,1.000),s="Running",v=Vector3.new(0.000,0.000,0.000)},
        {t=2.467,cf=CFrame.new(721.253,258.399,-1170.868,1.000,-0.000,0.011,0.000,1.000,0.000,-0.011,-0.000,1.000),s="Running",v=Vector3.new(0.000,0.000,0.000)},
        {t=2.500,cf=CFrame.new(721.226,259.189,-1173.267,1.000,-0.000,0.011,0.000,1.000,0.000,-0.011,-0.000,1.000),s="Running",v=Vector3.new(0.000,0.000,0.000)},
        {t=2.533,cf=CFrame.new(721.200,259.488,-1175.667,1.000,-0.000,0.011,0.000,1.000,0.000,-0.011,-0.000,1.000),s="Running",v=Vector3.new(0.000,0.000,0.000)},
        {t=2.567,cf=CFrame.new(721.175,259.719,-1177.912,1.000,0.000,0.011,-0.000,1.000,-0.000,-0.011,0.000,1.000),s="Running",v=Vector3.new(0.000,0.000,0.000)},
        {t=2.600,cf=CFrame.new(721.152,261.532,-1180.086,1.000,0.000,0.011,-0.000,1.000,-0.000,-0.011,0.000,1.000),s="Running",v=Vector3.new(0.000,0.000,0.000)},
        {t=2.633,cf=CFrame.new(721.125,263.630,-1182.465,1.000,0.000,0.011,-0.000,1.000,-0.000,-0.011,0.000,1.000),s="Running",v=Vector3.new(0.000,0.000,0.000)},
        {t=2.667,cf=CFrame.new(721.108,264.757,-1184.065,1.000,-0.000,0.011,0.000,1.000,-0.000,-0.011,0.000,1.000),s="Running",v=Vector3.new(0.000,0.000,0.000)},
        {t=2.700,cf=CFrame.new(721.082,266.037,-1186.464,1.000,-0.000,0.011,0.000,1.000,-0.000,-0.011,0.000,1.000),s="Running",v=Vector3.new(0.000,0.000,0.000)},
        {t=2.733,cf=CFrame.new(721.064,266.619,-1188.064,1.000,-0.000,0.011,0.000,1.000,-0.000,-0.011,0.000,1.000),s="Running",v=Vector3.new(0.000,0.000,0.000)},
        {t=2.767,cf=CFrame.new(721.038,267.082,-1190.463,1.000,-0.000,0.011,0.000,1.000,-0.000,-0.011,0.000,1.000),s="Running",v=Vector3.new(0.000,0.000,0.000)},
        {t=2.800,cf=CFrame.new(721.012,267.331,-1192.792,1.000,-0.000,0.011,0.000,1.000,-0.000,-0.011,0.000,1.000),s="Running",v=Vector3.new(0.000,0.000,0.000)},
        {t=2.833,cf=CFrame.new(720.989,268.745,-1194.942,1.000,0.000,0.011,-0.000,1.000,0.000,-0.011,-0.000,1.000),s="Running",v=Vector3.new(0.000,0.000,0.000)},
        {t=2.867,cf=CFrame.new(720.972,270.308,-1196.463,1.000,0.000,0.011,-0.000,1.000,0.000,-0.011,-0.000,1.000),s="Running",v=Vector3.new(0.000,0.000,0.000)},
        {t=2.900,cf=CFrame.new(720.946,272.242,-1198.862,1.000,0.000,0.011,-0.000,1.000,0.000,-0.011,-0.000,1.000),s="Running",v=Vector3.new(0.000,0.000,0.000)},
        {t=2.933,cf=CFrame.new(720.928,273.260,-1200.461,1.000,0.000,0.011,-0.000,1.000,0.000,-0.011,-0.000,1.000),s="Running",v=Vector3.new(0.000,0.000,0.000)},
        {t=2.967,cf=CFrame.new(720.910,274.059,-1202.061,1.000,0.000,0.011,-0.000,1.000,-0.000,-0.011,0.000,1.000),s="Running",v=Vector3.new(0.000,0.000,0.000)},
        {t=3.000,cf=CFrame.new(720.884,274.849,-1204.460,1.000,0.000,0.011,-0.000,1.000,-0.000,-0.011,0.000,1.000),s="Running",v=Vector3.new(0.000,0.000,0.000)},
        {t=3.033,cf=CFrame.new(720.865,275.103,-1206.060,1.000,-0.000,0.015,0.000,1.000,-0.000,-0.015,0.000,1.000),s="Running",v=Vector3.new(0.000,0.000,0.000)},
        {t=3.067,cf=CFrame.new(720.827,275.135,-1208.389,1.000,-0.000,0.022,0.000,1.000,-0.000,-0.022,0.000,1.000),s="Running",v=Vector3.new(0.000,0.000,0.000)},
        {t=3.100,cf=CFrame.new(720.779,275.548,-1210.537,1.000,-0.000,0.026,0.000,1.000,-0.000,-0.026,0.000,1.000),s="Running",v=Vector3.new(0.000,0.000,0.000)},
        {t=3.133,cf=CFrame.new(720.740,276.158,-1211.969,1.000,-0.000,0.031,0.000,1.000,-0.000,-0.031,0.000,1.000),s="Running",v=Vector3.new(0.000,0.000,0.000)},
        {t=3.167,cf=CFrame.new(720.673,277.191,-1214.116,0.999,0.000,0.035,-0.000,1.000,0.000,-0.035,-0.000,0.999),s="Running",v=Vector3.new(0.000,0.000,0.000)},
        {t=3.200,cf=CFrame.new(720.596,278.255,-1216.263,0.999,0.000,0.037,-0.000,1.000,0.000,-0.037,-0.000,0.999),s="Running",v=Vector3.new(0.000,0.000,0.000)},
        {t=3.233,cf=CFrame.new(720.512,279.324,-1218.411,0.999,-0.000,0.039,0.000,1.000,-0.000,-0.039,0.000,0.999),s="Running",v=Vector3.new(0.000,0.000,0.000)},
        {t=3.267,cf=CFrame.new(720.427,280.393,-1220.558,0.999,-0.000,0.039,0.000,1.000,-0.000,-0.039,0.000,0.999),s="Running",v=Vector3.new(0.000,0.000,0.000)},
        {t=3.300,cf=CFrame.new(720.343,281.463,-1222.706,0.999,-0.000,0.039,0.000,1.000,-0.000,-0.039,0.000,0.999),s="Running",v=Vector3.new(0.000,0.000,0.000)},
        {t=3.333,cf=CFrame.new(720.287,282.176,-1224.137,0.999,-0.000,0.039,0.000,1.000,-0.000,-0.039,0.000,0.999),s="Running",v=Vector3.new(0.000,0.000,0.000)},
        {t=3.367,cf=CFrame.new(720.232,282.889,-1225.569,0.999,-0.000,0.035,0.000,1.000,-0.000,-0.035,0.000,0.999),s="Running",v=Vector3.new(0.000,0.000,0.000)},
        {t=3.400,cf=CFrame.new(720.165,283.858,-1227.538,1.000,0.000,0.024,-0.000,1.000,0.000,-0.024,-0.000,1.000),s="Running",v=Vector3.new(0.000,0.000,0.000)},
        {t=3.433,cf=CFrame.new(720.117,285.029,-1229.864,1.000,0.000,0.015,-0.000,1.000,0.000,-0.015,-0.000,1.000),s="Running",v=Vector3.new(0.000,0.000,0.000)},
        {t=3.467,cf=CFrame.new(720.091,286.098,-1232.012,1.000,-0.000,0.007,0.000,1.000,-0.000,-0.007,0.000,1.000),s="Running",v=Vector3.new(0.000,0.000,0.000)},
        {t=3.500,cf=CFrame.new(720.081,287.191,-1234.146,1.000,-0.000,0.000,0.000,1.000,-0.000,0.000,0.000,1.000),s="Running",v=Vector3.new(0.000,0.000,0.000)},
        {t=3.533,cf=CFrame.new(720.081,288.312,-1236.470,1.000,-0.000,0.000,0.000,1.000,-0.000,0.000,0.000,1.000),s="Running",v=Vector3.new(0.000,0.000,0.000)},
        {t=3.567,cf=CFrame.new(720.084,288.692,-1238.869,1.000,-0.000,-0.002,0.000,1.000,-0.000,0.002,0.000,1.000),s="Running",v=Vector3.new(0.000,0.000,0.000)},
        {t=3.600,cf=CFrame.new(720.093,288.747,-1240.227,1.000,-0.000,0.010,0.000,1.000,-0.000,-0.010,0.000,1.000),s="Running",v=Vector3.new(0.000,0.000,0.000)},
        {t=3.633,cf=CFrame.new(720.093,288.763,-1240.222,1.000,-0.000,0.002,0.000,1.000,-0.000,-0.002,0.000,1.000),s="Running",v=Vector3.new(0.000,0.000,0.000)},
        {t=3.667,cf=CFrame.new(720.093,288.767,-1240.222,1.000,0.000,0.002,-0.000,1.000,0.000,-0.002,-0.000,1.000),s="Running",v=Vector3.new(0.000,0.000,0.000)},
        {t=3.700,cf=CFrame.new(720.093,288.768,-1240.222,1.000,-0.000,0.002,0.000,1.000,0.000,-0.002,-0.000,1.000),s="Running",v=Vector3.new(0.000,0.000,0.000)},
        {t=3.733,cf=CFrame.new(720.093,288.768,-1240.222,1.000,-0.000,0.002,0.000,1.000,0.000,-0.002,-0.000,1.000),s="Running",v=Vector3.new(0.000,0.000,0.000)},
        {t=3.767,cf=CFrame.new(92.103,684.238,-1780.143,0.999,-0.000,-0.048,0.000,1.000,-0.000,0.048,0.000,0.999),s="Running",v=Vector3.new(0.000,0.000,0.000)},
        {t=3.800,cf=CFrame.new(92.103,684.537,-1780.143,1.000,0.000,0.002,-0.000,1.000,0.000,-0.002,-0.000,1.000),s="Running",v=Vector3.new(0.000,0.000,0.000)},
        {t=3.833,cf=CFrame.new(92.103,684.644,-1780.143,1.000,-0.000,0.002,0.000,1.000,-0.000,-0.002,0.000,1.000),s="Running",v=Vector3.new(0.000,0.000,0.000)},
        {t=3.867,cf=CFrame.new(92.103,684.661,-1780.143,1.000,0.000,-0.004,-0.000,1.000,0.000,0.004,-0.000,1.000),s="Running",v=Vector3.new(0.000,0.000,0.000)},
        {t=3.900,cf=CFrame.new(92.103,684.663,-1780.143,1.000,0.000,-0.004,-0.000,1.000,0.000,0.004,-0.000,1.000),s="Running",v=Vector3.new(0.000,0.000,0.000)},
        {t=3.933,cf=CFrame.new(92.103,684.664,-1780.143,1.000,0.000,-0.004,-0.000,1.000,0.000,0.004,-0.000,1.000),s="Running",v=Vector3.new(0.000,0.000,0.000)},
        {t=3.967,cf=CFrame.new(92.103,684.664,-1780.143,1.000,0.000,-0.004,-0.000,1.000,0.000,0.004,-0.000,1.000),s="Running",v=Vector3.new(0.000,0.000,0.000)},
        {t=4.000,cf=CFrame.new(92.103,684.664,-1780.143,1.000,0.000,-0.004,-0.000,1.000,-0.000,0.004,0.000,1.000),s="Running",v=Vector3.new(0.000,0.000,0.000)},
        {t=4.033,cf=CFrame.new(92.103,684.664,-1780.143,1.000,0.000,-0.004,-0.000,1.000,-0.000,0.004,0.000,1.000),s="Running",v=Vector3.new(0.000,0.000,0.000)},
        {t=4.067,cf=CFrame.new(92.103,684.664,-1780.143,1.000,0.000,0.017,-0.000,1.000,-0.000,-0.017,0.000,1.000),s="Running",v=Vector3.new(0.000,0.000,0.000)},
        {t=4.100,cf=CFrame.new(92.103,684.664,-1780.143,0.999,0.000,0.039,-0.000,1.000,-0.000,-0.039,0.000,0.999),s="Running",v=Vector3.new(0.000,0.000,0.000)},
        {t=4.133,cf=CFrame.new(92.103,684.664,-1780.143,0.999,0.000,0.044,-0.000,1.000,-0.000,-0.044,0.000,0.999),s="Running",v=Vector3.new(0.000,0.000,0.000)},
        {t=4.167,cf=CFrame.new(92.103,684.664,-1780.143,0.999,0.000,0.048,-0.000,1.000,-0.000,-0.048,0.000,0.999),s="Running",v=Vector3.new(0.000,0.000,0.000)},
        {t=4.200,cf=CFrame.new(91.457,684.664,-1780.111,0.999,0.000,0.050,0.000,1.000,-0.000,-0.050,0.000,0.999),s="Running",v=Vector3.new(0.000,0.000,0.000)},
        {t=4.233,cf=CFrame.new(89.242,684.721,-1779.996,0.998,0.042,-0.035,-0.042,0.999,0.013,0.035,-0.012,0.999),s="Running",v=Vector3.new(0.000,0.000,0.000)},
        {t=4.267,cf=CFrame.new(89.286,684.826,-1779.798,1.000,0.020,-0.018,-0.020,1.000,0.010,0.018,-0.010,1.000),s="Running",v=Vector3.new(0.000,0.000,0.000)},
        {t=4.300,cf=CFrame.new(89.284,684.842,-1779.763,0.999,0.022,0.028,-0.022,1.000,0.005,-0.028,-0.006,1.000),s="Running",v=Vector3.new(0.000,0.000,0.000)},
        {t=4.333,cf=CFrame.new(89.259,684.835,-1779.635,1.000,0.024,0.015,-0.024,1.000,0.011,-0.015,-0.011,1.000),s="Running",v=Vector3.new(0.000,0.000,0.000)},
        {t=4.367,cf=CFrame.new(89.216,684.803,-1779.421,0.996,0.041,-0.084,-0.041,0.999,0.009,0.084,-0.005,0.996),s="Running",v=Vector3.new(0.000,0.000,0.000)},
        {t=4.400,cf=CFrame.new(89.215,684.777,-1779.244,0.999,0.035,-0.005,-0.035,0.999,0.009,0.006,-0.009,1.000),s="Running",v=Vector3.new(0.000,0.000,0.000)},
        {t=4.433,cf=CFrame.new(89.052,684.783,-1779.050,0.999,0.016,0.031,-0.016,1.000,0.007,-0.031,-0.008,0.999),s="Running",v=Vector3.new(0.000,0.000,0.000)},
        {t=4.467,cf=CFrame.new(88.507,686.260,-1778.954,0.999,-0.000,0.050,0.000,1.000,-0.000,-0.050,0.000,0.999),s="Running",v=Vector3.new(0.000,0.000,0.000)},
        {t=4.500,cf=CFrame.new(87.989,687.257,-1778.928,0.999,0.000,0.050,-0.000,1.000,0.000,-0.050,-0.000,0.999),s="Running",v=Vector3.new(0.000,0.000,0.000)},
        {t=4.533,cf=CFrame.new(87.005,688.965,-1778.878,0.999,-0.000,0.050,0.000,1.000,-0.000,-0.050,0.000,0.999),s="Running",v=Vector3.new(0.000,0.000,0.000)},
        {t=4.567,cf=CFrame.new(85.809,689.857,-1778.818,0.999,0.000,0.050,-0.000,1.000,0.000,-0.050,-0.000,0.999),s="Running",v=Vector3.new(0.000,0.000,0.000)},
        {t=4.600,cf=CFrame.new(84.245,690.523,-1778.739,0.999,-0.000,0.050,0.000,1.000,-0.000,-0.050,0.000,0.999),s="Running",v=Vector3.new(0.000,0.000,0.000)},
        {t=4.633,cf=CFrame.new(82.451,690.850,-1778.624,0.984,0.000,0.181,0.000,1.000,-0.000,-0.181,0.000,0.984),s="Running",v=Vector3.new(0.000,0.000,0.000)},
        {t=4.667,cf=CFrame.new(80.344,690.792,-1778.208,0.969,0.000,0.247,0.000,1.000,-0.000,-0.247,0.000,0.969),s="Running",v=Vector3.new(0.000,0.000,0.000)},
        {t=4.700,cf=CFrame.new(78.679,690.368,-1777.598,0.950,0.000,0.311,0.000,1.000,-0.000,-0.311,0.000,0.950),s="Running",v=Vector3.new(0.000,0.000,0.000)},
        {t=4.733,cf=CFrame.new(77.251,689.696,-1776.844,0.989,-0.000,0.150,0.000,1.000,-0.000,-0.150,0.000,0.989),s="Running",v=Vector3.new(0.000,0.000,0.000)},
        {t=4.767,cf=CFrame.new(76.038,688.867,-1776.010,0.983,0.000,0.182,0.000,1.000,-0.000,-0.182,0.000,0.983),s="Running",v=Vector3.new(0.000,0.000,0.000)},
        {t=4.800,cf=CFrame.new(74.153,687.055,-1774.397,0.977,0.000,0.213,0.000,1.000,-0.000,-0.213,0.000,0.977),s="Running",v=Vector3.new(0.000,0.000,0.000)},
        {t=4.833,cf=CFrame.new(72.620,685.270,-1773.308,0.928,0.000,0.372,0.000,1.000,-0.000,-0.372,0.000,0.928),s="Running",v=Vector3.new(0.000,0.000,0.000)},
        {t=4.867,cf=CFrame.new(71.690,683.194,-1772.717,1.000,0.000,-0.002,-0.000,1.000,0.000,0.002,-0.000,1.000),s="Running",v=Vector3.new(0.000,0.000,0.000)},
        {t=4.900,cf=CFrame.new(71.685,683.382,-1772.857,1.000,-0.000,-0.015,0.000,1.000,-0.000,0.015,0.000,1.000),s="Running",v=Vector3.new(0.000,0.000,0.000)},
        {t=4.933,cf=CFrame.new(71.745,683.471,-1774.412,0.997,0.000,-0.081,-0.000,1.000,0.000,0.081,-0.000,0.997),s="Running",v=Vector3.new(0.000,0.000,0.000)},
        {t=4.967,cf=CFrame.new(71.965,683.489,-1776.800,0.993,-0.000,-0.118,0.000,1.000,-0.000,0.118,0.000,0.993),s="Running",v=Vector3.new(0.000,0.000,0.000)},
        {t=5.000,cf=CFrame.new(72.264,683.492,-1779.181,0.989,-0.000,-0.148,-0.000,1.000,-0.000,0.148,0.000,0.989),s="Running",v=Vector3.new(0.000,0.000,0.000)},
        {t=5.033,cf=CFrame.new(72.644,683.492,-1781.551,0.984,0.000,-0.180,-0.000,1.000,0.000,0.180,-0.000,0.984),s="Running",v=Vector3.new(0.000,0.000,0.000)},
        {t=5.067,cf=CFrame.new(72.944,683.492,-1783.123,0.979,0.000,-0.204,-0.000,1.000,0.000,0.204,-0.000,0.979),s="Running",v=Vector3.new(0.000,0.000,0.000)},
        {t=5.100,cf=CFrame.new(73.452,683.492,-1785.468,0.975,-0.000,-0.221,0.000,1.000,-0.000,0.221,-0.000,0.975),s="Running",v=Vector3.new(0.000,0.000,0.000)},
        {t=5.133,cf=CFrame.new(73.805,683.492,-1787.029,0.975,-0.000,-0.223,0.000,1.000,-0.000,0.223,0.000,0.975),s="Running",v=Vector3.new(0.000,0.000,0.000)},
        {t=5.167,cf=CFrame.new(74.339,683.492,-1789.368,0.974,-0.000,-0.227,0.000,1.000,-0.000,0.227,0.000,0.974),s="Running",v=Vector3.new(0.000,0.000,0.000)},
        {t=5.200,cf=CFrame.new(74.878,683.585,-1791.679,0.974,0.000,-0.227,-0.000,1.000,0.000,0.227,-0.000,0.974),s="Running",v=Vector3.new(0.000,0.000,0.000)},
        {t=5.233,cf=CFrame.new(75.209,684.004,-1793.102,0.974,0.000,-0.227,-0.000,1.000,0.000,0.227,-0.000,0.974),s="Running",v=Vector3.new(0.000,0.000,0.000)},
        {t=5.267,cf=CFrame.new(75.741,684.642,-1795.383,0.974,-0.000,-0.227,0.000,1.000,-0.000,0.227,-0.000,0.974),s="Running",v=Vector3.new(0.000,0.000,0.000)},
        {t=5.300,cf=CFrame.new(76.279,684.935,-1797.690,0.974,-0.000,-0.227,0.000,1.000,-0.000,0.227,0.000,0.974),s="Running",v=Vector3.new(0.000,0.000,0.000)},
        {t=5.333,cf=CFrame.new(76.815,684.648,-1799.990,0.974,-0.000,-0.227,0.000,1.000,-0.000,0.227,0.000,0.974),s="Running",v=Vector3.new(0.000,0.000,0.000)},
        {t=5.367,cf=CFrame.new(77.173,684.190,-1801.525,0.974,0.000,-0.227,-0.000,1.000,0.000,0.227,0.000,0.974),s="Running",v=Vector3.new(0.000,0.000,0.000)},
        {t=5.400,cf=CFrame.new(77.621,683.894,-1803.443,0.974,0.000,-0.227,-0.000,1.000,0.000,0.227,0.000,0.974),s="Running",v=Vector3.new(0.000,0.000,0.000)},
        {t=5.433,cf=CFrame.new(78.069,683.519,-1805.365,0.974,-0.000,-0.225,0.000,1.000,0.000,0.225,-0.000,0.974),s="Running",v=Vector3.new(0.000,0.000,0.000)},
        {t=5.467,cf=CFrame.new(78.605,684.346,-1807.702,0.979,-0.000,-0.206,0.000,1.000,-0.000,0.206,-0.000,0.979),s="Running",v=Vector3.new(0.000,0.000,0.000)},
        {t=5.500,cf=CFrame.new(78.929,685.935,-1809.269,0.983,-0.000,-0.184,0.000,1.000,-0.000,0.184,0.000,0.983),s="Running",v=Vector3.new(0.000,0.000,0.000)},
        {t=5.533,cf=CFrame.new(79.248,687.463,-1811.040,0.987,-0.000,-0.160,0.000,1.000,-0.000,0.160,0.000,0.987),s="Running",v=Vector3.new(0.000,0.000,0.000)},
        {t=5.567,cf=CFrame.new(79.558,688.955,-1813.218,0.994,-0.000,-0.111,-0.000,1.000,-0.000,0.111,0.000,0.994),s="Running",v=Vector3.new(0.000,0.000,0.000)},
        {t=5.600,cf=CFrame.new(79.725,689.782,-1814.810,0.996,-0.000,-0.087,0.000,1.000,-0.000,0.087,0.000,0.996),s="Running",v=Vector3.new(0.000,0.000,0.000)},
        {t=5.633,cf=CFrame.new(79.910,690.613,-1817.203,0.998,-0.000,-0.064,0.000,1.000,-0.000,0.064,0.000,0.998),s="Running",v=Vector3.new(0.000,0.000,0.000)},
        {t=5.667,cf=CFrame.new(80.010,690.894,-1818.799,0.998,-0.000,-0.061,0.000,1.000,-0.000,0.061,0.000,0.998),s="Running",v=Vector3.new(0.000,0.000,0.000)},
        {t=5.700,cf=CFrame.new(80.151,690.908,-1821.195,0.998,0.000,-0.057,-0.000,1.000,0.000,0.057,-0.000,0.998),s="Running",v=Vector3.new(0.000,0.000,0.000)},
        {t=5.733,cf=CFrame.new(80.275,690.431,-1823.592,0.999,0.000,-0.048,-0.000,1.000,0.000,0.048,-0.000,0.999),s="Running",v=Vector3.new(0.000,0.000,0.000)},
        {t=5.767,cf=CFrame.new(80.391,689.464,-1825.990,0.999,0.000,-0.046,-0.000,1.000,0.000,0.046,-0.000,0.999),s="Running",v=Vector3.new(0.000,0.000,0.000)},
        {t=5.800,cf=CFrame.new(80.464,688.546,-1827.589,0.999,0.000,-0.044,-0.000,1.000,0.000,0.044,-0.000,0.999),s="Running",v=Vector3.new(0.000,0.000,0.000)},
        {t=5.833,cf=CFrame.new(80.569,686.761,-1829.986,0.999,-0.000,-0.042,0.000,1.000,-0.000,0.042,0.000,0.999),s="Running",v=Vector3.new(0.000,0.000,0.000)},
        {t=5.867,cf=CFrame.new(80.669,684.486,-1832.384,0.999,-0.000,-0.041,0.000,1.000,-0.000,0.041,0.000,0.999),s="Running",v=Vector3.new(0.000,0.000,0.000)},
        {t=5.900,cf=CFrame.new(80.735,683.210,-1833.983,0.999,-0.000,-0.041,0.000,1.000,-0.000,0.041,0.000,0.999),s="Running",v=Vector3.new(0.000,0.000,0.000)},
        {t=5.933,cf=CFrame.new(80.835,685.635,-1836.381,0.999,-0.000,-0.041,0.000,1.000,-0.000,0.041,0.000,0.999),s="Running",v=Vector3.new(0.000,0.000,0.000)},
        {t=5.967,cf=CFrame.new(80.901,686.979,-1837.980,0.999,0.000,-0.041,0.000,1.000,0.000,0.041,-0.000,0.999),s="Running",v=Vector3.new(0.000,0.000,0.000)},
        {t=6.000,cf=CFrame.new(81.000,688.587,-1840.378,0.999,0.000,-0.041,-0.000,1.000,0.000,0.041,-0.000,0.999),s="Running",v=Vector3.new(0.000,0.000,0.000)},
        {t=6.033,cf=CFrame.new(81.075,689.471,-1842.176,0.999,0.000,-0.041,-0.000,1.000,0.000,0.041,-0.000,0.999),s="Running",v=Vector3.new(0.000,0.000,0.000)},
        {t=6.067,cf=CFrame.new(81.166,690.176,-1844.374,0.999,0.000,-0.041,-0.000,1.000,0.000,0.041,-0.000,0.999),s="Running",v=Vector3.new(0.000,0.000,0.000)},
        {t=6.100,cf=CFrame.new(81.265,690.476,-1846.772,0.999,0.000,-0.041,-0.000,1.000,0.000,0.041,-0.000,0.999),s="Running",v=Vector3.new(0.000,0.000,0.000)},
        {t=6.133,cf=CFrame.new(81.365,690.285,-1849.170,0.999,-0.000,-0.041,0.000,1.000,-0.000,0.041,0.000,0.999),s="Running",v=Vector3.new(0.000,0.000,0.000)},
        {t=6.167,cf=CFrame.new(81.464,689.604,-1851.568,0.999,-0.000,-0.041,0.000,1.000,-0.000,0.041,0.000,0.999),s="Running",v=Vector3.new(0.000,0.000,0.000)},
        {t=6.200,cf=CFrame.new(81.564,688.432,-1853.966,0.999,-0.000,-0.041,0.000,1.000,-0.000,0.041,0.000,0.999),s="Running",v=Vector3.new(0.000,0.000,0.000)},
        {t=6.233,cf=CFrame.new(81.638,687.231,-1855.764,0.999,0.000,-0.041,-0.000,1.000,0.000,0.041,-0.000,0.999),s="Running",v=Vector3.new(0.000,0.000,0.000)},
        {t=6.267,cf=CFrame.new(81.729,685.389,-1857.963,0.999,0.000,-0.041,-0.000,1.000,0.000,0.041,-0.000,0.999),s="Running",v=Vector3.new(0.000,0.000,0.000)},
        {t=6.300,cf=CFrame.new(81.796,683.790,-1859.561,0.999,0.000,-0.041,-0.000,1.000,0.000,0.041,-0.000,0.999),s="Running",v=Vector3.new(0.000,0.000,0.000)},
        {t=6.333,cf=CFrame.new(81.862,684.071,-1861.160,0.999,0.000,-0.041,-0.000,1.000,0.000,0.041,-0.000,0.999),s="Running",v=Vector3.new(0.000,0.000,0.000)},
        {t=6.367,cf=CFrame.new(81.986,686.872,-1864.157,0.999,-0.000,-0.041,0.000,1.000,-0.000,0.041,0.000,0.999),s="Running",v=Vector3.new(0.000,0.000,0.000)},
        {t=6.400,cf=CFrame.new(82.061,688.186,-1865.956,0.999,-0.000,-0.041,0.000,1.000,-0.000,0.041,0.000,0.999),s="Running",v=Vector3.new(0.000,0.000,0.000)},
        {t=6.433,cf=CFrame.new(82.127,689.121,-1867.554,0.999,-0.000,-0.041,0.000,1.000,-0.000,0.041,0.000,0.999),s="Running",v=Vector3.new(0.000,0.000,0.000)},
        {t=6.467,cf=CFrame.new(82.235,690.176,-1870.152,0.999,0.000,-0.041,-0.000,1.000,0.000,0.041,-0.000,0.999),s="Running",v=Vector3.new(0.000,0.000,0.000)},
        {t=6.500,cf=CFrame.new(82.326,690.620,-1872.350,0.999,0.000,-0.041,-0.000,1.000,0.000,0.041,-0.000,0.999),s="Running",v=Vector3.new(0.000,0.000,0.000)},
        {t=6.533,cf=CFrame.new(82.425,690.633,-1874.748,0.999,0.000,-0.041,-0.000,1.000,0.000,0.041,-0.000,0.999),s="Running",v=Vector3.new(0.000,0.000,0.000)},
        {t=6.567,cf=CFrame.new(82.525,690.156,-1877.146,0.999,0.000,-0.041,-0.000,1.000,0.000,0.041,-0.000,0.999),s="Running",v=Vector3.new(0.000,0.000,0.000)},
        {t=6.600,cf=CFrame.new(82.624,689.189,-1879.544,0.999,-0.000,-0.041,0.000,1.000,-0.000,0.041,0.000,0.999),s="Running",v=Vector3.new(0.000,0.000,0.000)},
        {t=6.633,cf=CFrame.new(82.691,688.271,-1881.143,0.999,-0.000,-0.041,0.000,1.000,-0.000,0.041,0.000,0.999),s="Running",v=Vector3.new(0.000,0.000,0.000)},
        {t=6.667,cf=CFrame.new(82.790,686.487,-1883.541,0.999,-0.000,-0.041,0.000,1.000,-0.000,0.041,0.000,0.999),s="Running",v=Vector3.new(0.000,0.000,0.000)},
        {t=6.700,cf=CFrame.new(82.889,684.211,-1885.939,0.999,-0.000,-0.041,0.000,1.000,-0.000,0.041,0.000,0.999),s="Running",v=Vector3.new(0.000,0.000,0.000)},
        {t=6.733,cf=CFrame.new(82.989,684.101,-1888.337,0.999,0.000,-0.041,-0.000,1.000,0.000,0.041,-0.000,0.999),s="Running",v=Vector3.new(0.000,0.000,0.000)},
        {t=6.767,cf=CFrame.new(83.055,685.663,-1889.935,0.999,0.000,-0.041,-0.000,1.000,0.000,0.041,-0.000,0.999),s="Running",v=Vector3.new(0.000,0.000,0.000)},
        {t=6.800,cf=CFrame.new(83.155,687.598,-1892.333,0.999,0.000,-0.041,-0.000,1.000,0.000,0.041,-0.000,0.999),s="Running",v=Vector3.new(0.000,0.000,0.000)},
        {t=6.833,cf=CFrame.new(83.254,689.042,-1894.731,0.999,0.000,-0.041,-0.000,1.000,0.000,0.041,-0.000,0.999),s="Running",v=Vector3.new(0.000,0.000,0.000)},
        {t=6.867,cf=CFrame.new(83.320,689.732,-1896.330,0.999,0.000,-0.041,-0.000,1.000,0.000,0.041,-0.000,0.999),s="Running",v=Vector3.new(0.000,0.000,0.000)},
        {t=6.900,cf=CFrame.new(83.420,690.359,-1898.728,0.999,-0.000,-0.041,0.000,1.000,-0.000,0.041,0.000,0.999),s="Running",v=Vector3.new(0.000,0.000,0.000)},
        {t=6.933,cf=CFrame.new(83.519,690.495,-1901.126,0.999,-0.000,-0.041,0.000,1.000,-0.000,0.041,0.000,0.999),s="Running",v=Vector3.new(0.000,0.000,0.000)},
        {t=6.967,cf=CFrame.new(83.619,690.141,-1903.524,0.999,-0.000,-0.041,0.000,1.000,-0.000,0.041,0.000,0.999),s="Running",v=Vector3.new(0.000,0.000,0.000)},
        {t=7.000,cf=CFrame.new(83.718,689.296,-1905.922,0.999,0.000,-0.041,-0.000,1.000,0.000,0.041,-0.000,0.999),s="Running",v=Vector3.new(0.000,0.000,0.000)},
        {t=7.033,cf=CFrame.new(83.784,688.461,-1907.520,0.999,0.000,-0.041,-0.000,1.000,0.000,0.041,-0.000,0.999),s="Running",v=Vector3.new(0.000,0.000,0.000)},
        {t=7.067,cf=CFrame.new(83.884,686.798,-1909.918,0.999,0.000,-0.041,-0.000,1.000,0.000,0.041,-0.000,0.999),s="Running",v=Vector3.new(0.000,0.000,0.000)},
        {t=7.100,cf=CFrame.new(83.975,684.844,-1912.116,0.999,0.000,-0.041,-0.000,1.000,0.000,0.041,-0.000,0.999),s="Running",v=Vector3.new(0.000,0.000,0.000)},
        {t=7.133,cf=CFrame.new(84.049,683.223,-1913.915,0.999,-0.000,-0.041,0.000,1.000,-0.000,0.041,0.000,0.999),s="Running",v=Vector3.new(0.000,0.000,0.000)},
        {t=7.167,cf=CFrame.new(84.149,685.685,-1916.313,0.999,-0.000,-0.041,0.000,1.000,-0.000,0.041,0.000,0.999),s="Running",v=Vector3.new(0.000,0.000,0.000)},
        {t=7.200,cf=CFrame.new(84.248,687.661,-1918.711,0.999,0.000,-0.039,-0.000,1.000,0.000,0.039,-0.000,0.999),s="Running",v=Vector3.new(0.000,0.000,0.000)},
        {t=7.233,cf=CFrame.new(84.340,689.146,-1921.109,0.999,0.000,-0.033,-0.000,1.000,0.000,0.033,-0.000,0.999),s="Running",v=Vector3.new(0.000,0.000,0.000)},
        {t=7.267,cf=CFrame.new(84.392,689.863,-1922.708,0.999,0.000,-0.033,-0.000,1.000,0.000,0.033,-0.000,0.999),s="Running",v=Vector3.new(0.000,0.000,0.000)},
        {t=7.300,cf=CFrame.new(84.466,690.531,-1925.107,1.000,0.000,-0.028,-0.000,1.000,0.000,0.028,-0.000,1.000),s="Running",v=Vector3.new(0.000,0.000,0.000)},
        {t=7.333,cf=CFrame.new(84.529,690.708,-1927.507,1.000,-0.000,-0.024,0.000,1.000,-0.000,0.024,0.000,1.000),s="Running",v=Vector3.new(0.000,0.000,0.000)},
        {t=7.367,cf=CFrame.new(84.582,690.395,-1929.906,1.000,-0.000,-0.018,0.000,1.000,-0.000,0.018,0.000,1.000),s="Running",v=Vector3.new(0.000,0.000,0.000)},
        {t=7.400,cf=CFrame.new(84.609,689.913,-1931.506,1.000,-0.000,-0.015,0.000,1.000,-0.000,0.015,0.000,1.000),s="Running",v=Vector3.new(0.000,0.000,0.000)},
        {t=7.433,cf=CFrame.new(84.643,688.782,-1933.905,1.000,-0.000,-0.009,0.000,1.000,-0.000,0.009,0.000,1.000),s="Running",v=Vector3.new(0.000,0.000,0.000)},
        {t=7.467,cf=CFrame.new(84.654,687.756,-1935.505,1.000,-0.000,-0.003,-0.000,1.000,-0.000,0.003,0.000,1.000),s="Running",v=Vector3.new(0.000,0.000,0.000)},
        {t=7.500,cf=CFrame.new(84.660,685.807,-1937.904,1.000,0.000,0.002,-0.000,1.000,-0.000,-0.002,0.000,1.000),s="Running",v=Vector3.new(0.000,0.000,0.000)},
        {t=7.533,cf=CFrame.new(84.646,683.368,-1940.304,1.000,0.000,0.017,-0.000,1.000,-0.000,-0.017,0.000,1.000),s="Running",v=Vector3.new(0.000,0.000,0.000)},
        {t=7.567,cf=CFrame.new(84.596,684.931,-1942.703,0.999,-0.000,0.036,0.000,1.000,0.000,-0.036,-0.000,0.999),s="Running",v=Vector3.new(0.000,0.000,0.000)},
        {t=7.600,cf=CFrame.new(84.484,687.029,-1945.101,0.998,-0.000,0.070,0.000,1.000,-0.000,-0.070,0.000,0.998),s="Running",v=Vector3.new(0.000,0.000,0.000)},
        {t=7.633,cf=CFrame.new(84.364,688.155,-1946.696,0.996,0.000,0.094,0.000,1.000,-0.000,-0.094,0.000,0.996),s="Running",v=Vector3.new(0.000,0.000,0.000)},
        {t=7.667,cf=CFrame.new(84.231,689.436,-1949.060,0.999,0.000,0.033,-0.000,1.000,-0.000,-0.033,0.000,0.999),s="Running",v=Vector3.new(0.000,0.000,0.000)},
        {t=7.700,cf=CFrame.new(84.433,690.226,-1951.325,0.998,0.000,0.064,-0.000,1.000,-0.000,-0.064,0.000,0.998),s="Running",v=Vector3.new(0.000,0.000,0.000)},
        {t=7.733,cf=CFrame.new(84.924,690.520,-1953.321,0.991,0.000,0.137,-0.000,1.000,-0.000,-0.137,0.000,0.991),s="Running",v=Vector3.new(0.000,0.000,0.000)},
        {t=7.767,cf=CFrame.new(85.545,690.453,-1954.906,0.991,0.000,0.134,-0.000,1.000,-0.000,-0.134,0.000,0.991),s="Running",v=Vector3.new(0.000,0.000,0.000)},
        {t=7.800,cf=CFrame.new(86.674,689.935,-1956.980,0.988,0.000,0.151,-0.000,1.000,-0.000,-0.151,0.000,0.988),s="Running",v=Vector3.new(0.000,0.000,0.000)},
        {t=7.833,cf=CFrame.new(87.875,688.927,-1959.069,0.980,0.000,0.197,-0.000,1.000,-0.000,-0.197,0.000,0.980),s="Running",v=Vector3.new(0.000,0.000,0.000)},
        {t=7.867,cf=CFrame.new(88.905,687.428,-1961.203,0.928,0.000,0.372,-0.000,1.000,-0.000,-0.372,0.000,0.928),s="Running",v=Vector3.new(0.000,0.000,0.000)},
        {t=7.900,cf=CFrame.new(89.448,685.982,-1962.814,0.922,-0.000,0.386,0.000,1.000,0.000,-0.386,-0.000,0.922),s="Running",v=Vector3.new(0.000,0.000,0.000)},
        {t=7.933,cf=CFrame.new(89.381,683.840,-1964.813,0.922,0.000,0.387,-0.000,1.000,-0.000,-0.387,0.000,0.922),s="Running",v=Vector3.new(0.000,0.000,0.000)},
        {t=7.967,cf=CFrame.new(88.455,683.358,-1967.026,0.922,-0.000,0.387,0.000,1.000,0.000,-0.387,-0.000,0.922),s="Running",v=Vector3.new(0.000,0.000,0.000)},
        {t=8.000,cf=CFrame.new(87.837,683.451,-1968.501,0.922,-0.000,0.387,0.000,1.000,0.000,-0.387,-0.000,0.922),s="Running",v=Vector3.new(0.000,0.000,0.000)},
        {t=8.033,cf=CFrame.new(86.908,683.486,-1970.715,0.914,-0.000,0.405,0.000,1.000,0.000,-0.405,0.000,0.914),s="Running",v=Vector3.new(0.000,0.000,0.000)},
        {t=8.067,cf=CFrame.new(86.251,683.490,-1972.173,0.878,0.000,0.479,0.000,1.000,-0.000,-0.479,0.000,0.878),s="Running",v=Vector3.new(0.000,0.000,0.000)},
        {t=8.100,cf=CFrame.new(85.059,683.492,-1974.256,0.839,0.000,0.545,0.000,1.000,-0.000,-0.545,0.000,0.839),s="Running",v=Vector3.new(0.000,0.000,0.000)},
        {t=8.133,cf=CFrame.new(84.184,683.492,-1975.594,0.829,0.000,0.559,0.000,1.000,-0.000,-0.559,0.000,0.829),s="Running",v=Vector3.new(0.000,0.000,0.000)},
        {t=8.167,cf=CFrame.new(82.841,683.492,-1977.584,0.827,-0.000,0.563,-0.000,1.000,0.000,-0.563,-0.000,0.827),s="Running",v=Vector3.new(0.000,0.000,0.000)},
        {t=8.200,cf=CFrame.new(81.489,683.492,-1979.567,0.825,-0.000,0.565,-0.000,1.000,0.000,-0.565,-0.000,0.825),s="Running",v=Vector3.new(0.000,0.000,0.000)},
        {t=8.233,cf=CFrame.new(80.131,683.492,-1981.545,0.822,0.000,0.570,0.000,1.000,-0.000,-0.570,0.000,0.822),s="Running",v=Vector3.new(0.000,0.000,0.000)},
